5.580262675630549118e+00
6.462321463651248266e+00
6.356349710523158336e+00
4.730465037592668232e+00
6.014293537228271980e+00
5.682370696048845815e+00
5.928796262874280742e+00
6.737741106926442569e+00
5.567418654492948704e+00
5.391710116236560602e+00
5.932492404200498726e+00
6.595091464151638938e+00
5.483049754360118655e+00
6.858009141469624481e+00
5.842508683855296425e+00
5.719977274708084813e+00
6.108966083492435750e+00
5.000734081461727598e+00
6.551078299432474772e+00
6.031070976077506529e+00
6.239721574595466613e+00
5.713698176122019134e+00
6.620328428191980308e+00
5.245707630603122951e+00
6.040978534508893993e+00
5.663202131850821885e+00
6.269128071953493198e+00
6.495396085226523120e+00
5.440621070547988936e+00
6.881997424993510748e+00
5.930004017614855627e+00
6.752699335424750871e+00
6.183022419903893230e+00
5.648058235641056690e+00
5.662050203415585514e+00
6.650043358821728035e+00
6.261834677984486675e+00
5.554395689992462692e+00
5.796246660970488129e+00
6.264702946812996665e+00
5.934391936508276899e+00
5.514796188474342387e+00
5.673673704082081493e+00
6.070620018772917348e+00
5.775004322520738143e+00
5.822743088802974754e+00
5.564828962979060378e+00
6.532278211925760303e+00
5.133993497275412210e+00
7.334115943336979804e+00
5.923154289049661791e+00
5.589152866278650933e+00
6.631986280600343342e+00
6.194427126025273012e+00
6.697281275394797007e+00
6.158355159546914592e+00
6.260542707135208218e+00
5.568358207285703187e+00
6.021326818140408932e+00
5.865823952360059046e+00
5.216539786089708919e+00
6.154154083057997049e+00
5.655791526532645719e+00
5.794203482044929743e+00
6.141721719634500865e+00
6.121051231815910043e+00
6.274513762744041934e+00
6.240857799358301428e+00
6.419899122775009737e+00
5.878987624220266994e+00
5.953413833685434753e+00
5.934508437671764725e+00
6.890357568716970249e+00
6.560897261989190987e+00
5.502001206878449402e+00
5.174197416074893141e+00
4.798544991524202885e+00
6.487307712179847030e+00
6.510451131565796246e+00
5.837226200081310878e+00
5.732819542768505805e+00
5.621094576093325301e+00
6.414275777024843528e+00
5.886629184629391887e+00
6.341026808620628508e+00
5.488727486497376518e+00
5.486036725023051730e+00
6.009089021464292024e+00
5.218675366983728026e+00
5.433386288067568515e+00
5.684474211007999322e+00
6.820495016859394077e+00
5.651189246791761711e+00
6.167649558337600979e+00
5.477220586676417646e+00
6.314628597940466825e+00
6.099675033570544080e+00
5.946793028173277484e+00
5.684617964580698235e+00
6.526889300989683562e+00
6.442972930583087177e+00
5.518192384775326254e+00
5.728455367211354954e+00
5.928631469020127831e+00
6.184511497723529594e+00
5.469290105928836354e+00
5.679497193246951348e+00
5.613699172426414030e+00
5.242248489587120197e+00
6.114529749140586112e+00
6.412343385192831313e+00
5.531382135580804160e+00
5.965346168532862592e+00
6.005260638937394368e+00
6.076250006461733300e+00
5.678740453621617945e+00
6.989887598311703698e+00
6.538883902733512166e+00
5.980545379957543872e+00
5.891597036560181522e+00
5.128930102664158497e+00
5.247917802724878733e+00
5.790297876972284818e+00
5.847650502314048815e+00
5.192785227552694671e+00
5.923198606632417373e+00
6.262478614840404134e+00
5.972891543096335631e+00
6.014272922236947316e+00
5.738757963107913973e+00
5.863294819329659013e+00
6.614237866106497776e+00
5.303138176394788239e+00
6.150308011397713770e+00
5.642331316315732259e+00
5.663761166923935164e+00
7.695495713833107487e+00
5.761242532941338368e+00
5.904596342906531348e+00
5.788937000642480513e+00
5.757283214419625317e+00
7.161471457204123148e+00
5.918014557183532531e+00
6.145155701559563255e+00
5.796755183500003739e+00
6.388824809400170501e+00
6.131616455860574355e+00
5.804043697749277975e+00
6.011437599504278140e+00
5.977929265798840319e+00
7.289845666540399449e+00
5.922979881480302744e+00
5.793779527989980416e+00
5.683036597251416744e+00
6.091053044745659228e+00
5.703380636812816817e+00
5.132804501865251723e+00
5.218802921592368804e+00
6.101727664148754116e+00
5.736632267789650186e+00
7.077325879085538674e+00
5.444953632150400402e+00
5.767699561277595421e+00
6.251586329950329812e+00
5.587921724420318093e+00
5.195623076061954393e+00
6.347980711715410784e+00
5.221620562347377259e+00
5.812995854731589418e+00
6.995127637020305045e+00
6.064269705565034307e+00
6.069852979039728424e+00
6.146201764746355600e+00
6.970541867808512038e+00
6.925192004192289197e+00
5.069676657038911571e+00
6.536351067893140687e+00
6.160673096756671185e+00
6.001613570136550280e+00
6.008225316610605660e+00
5.879803895524378099e+00
7.200214103557139644e+00
6.167609488283597230e+00
6.041223341720375117e+00
5.709315515858085277e+00
6.165084234056408263e+00
6.273990131609232357e+00
6.613870814530707243e+00
6.296481336286507968e+00
5.506943574242654016e+00
5.554101808063312440e+00
6.564132578512190008e+00
5.235646683092068265e+00
5.705236749637713878e+00
6.088257732665047328e+00
6.704795669097555866e+00
5.983700174995458809e+00
5.985896538007595247e+00
6.430511929673905946e+00
6.139424908558070548e+00
5.796216166803627168e+00
5.142695489654570906e+00
6.944229085933645074e+00
5.885617684955004592e+00
5.348512993467132937e+00
6.446112301729007399e+00
7.140368932387305634e+00
5.971966376373801566e+00
5.693547636158636571e+00
5.346441067441638495e+00
6.909788424705491927e+00
5.301259391319717018e+00
5.770619868288854093e+00
6.952092424514950686e+00
6.096644835175347943e+00
6.272270040436091598e+00
5.216233570660062213e+00
6.423970662436900625e+00
5.964356970884845843e+00
6.414582984960593315e+00
6.133543714658252100e+00
6.120613121200658924e+00
5.723413039635991240e+00
5.438466187747406089e+00
6.110430268529335684e+00
6.110365057662939137e+00
6.089348620048089522e+00
5.715133803225058706e+00
5.216473414847436985e+00
5.995139057300324481e+00
6.547804541685310120e+00
5.695007025492999198e+00
6.617869345563135219e+00
5.986626465172919964e+00
5.663721654168433872e+00
5.616862218047714350e+00
6.318160535336391881e+00
5.744160208746341034e+00
6.488653824689103899e+00
5.656954973415145638e+00
5.627553864580931098e+00
5.945479866164121496e+00
6.918289434416984740e+00
6.021977072765579919e+00
5.429184681226772113e+00
6.119804298813209087e+00
5.178178724240193986e+00
6.159374065548513855e+00
5.891058838182885005e+00
6.365254452078905167e+00
5.433932150922856863e+00
6.035074105333057659e+00
5.591329233400318621e+00
6.316877090778207915e+00
5.668474112930981690e+00
5.017941170032195863e+00
5.067595498568500112e+00
6.817792194880243350e+00
5.135987908738617769e+00
6.257987487362170143e+00
6.105664009550637594e+00
5.811740015956403660e+00
6.397385967428740550e+00
5.615280594676449688e+00
6.129156969478362527e+00
6.602484586122290722e+00
6.146829083769870472e+00
6.692200007862996181e+00
5.434902338015346501e+00
5.901379368626948008e+00
5.953103579416063162e+00
6.328064234593887782e+00
6.589768641539014205e+00
5.116060834755074005e+00
6.327391619616536289e+00
6.346099639788202573e+00
4.880183308760084770e+00
6.931835532373886721e+00
5.939997271226180153e+00
5.756135104066254726e+00
5.662144589475396117e+00
5.629355822377190677e+00
6.901469971225131061e+00
5.255265677655309275e+00
6.314074107175469130e+00
5.127631049801990137e+00
5.366497171381719333e+00
5.777820274360291997e+00
5.437382165007607959e+00
6.291139665778123558e+00
6.509933411611187104e+00
5.897553837384429620e+00
6.269278758859432976e+00
6.380897445421227943e+00
6.184821408211672811e+00
4.935714297010854068e+00
6.065360085056465955e+00
6.086984172509182223e+00
6.152317729433519844e+00
6.071779898356788330e+00
5.883635113156421959e+00
6.082226159526043396e+00
5.876848974017638838e+00
5.175471919112895058e+00
6.655133619879734397e+00
6.202975159359969126e+00
5.556377579519486076e+00
5.723006361958788091e+00
6.046095799733843812e+00
5.827218300711388466e+00
6.393020100475338197e+00
5.691833832963076212e+00
6.324260108303562333e+00
6.482585939813804821e+00
6.442622120259522411e+00
6.046294800041176920e+00
5.913180650013854844e+00
7.429484647297357469e+00
5.385897681834566519e+00
5.921015328998391780e+00
6.736945459229719546e+00
6.316431177280330544e+00
6.974954144338783024e+00
5.453094702723776166e+00
5.483577698897146746e+00
6.472382346684767640e+00
6.464386943914449901e+00
6.768082476768352507e+00
5.930062476457833576e+00
6.340812439360074215e+00
5.063946629482512840e+00
5.590420640171866573e+00
5.992569205177597169e+00
6.575752673268042692e+00
5.971369377637455678e+00
5.813152687110300754e+00
6.769040686779421279e+00
6.138279321104805675e+00
6.525803312372493892e+00
6.737727191431984508e+00
5.204853964734497573e+00
5.890270657220054495e+00
5.802036079235240784e+00
6.265544141736687500e+00
6.419147241703360152e+00
6.375019753997515082e+00
6.147972667280428460e+00
6.223617247046764334e+00
6.822017380548087928e+00
5.492342388388733454e+00
6.233720052758210173e+00
4.875989094606480556e+00
5.095513188963133544e+00
6.095896253665537223e+00
6.615393262475135927e+00
6.016467905114297743e+00
5.627942451179881900e+00
5.852630756812462920e+00
6.219440929364299819e+00
6.070446661877307193e+00
5.018301375286744026e+00
5.619004531375049183e+00
5.850741668364678461e+00
5.958741924176816696e+00
5.041686413310063841e+00
5.180010997418101226e+00
5.583275646961473271e+00
6.044825283191085141e+00
6.688704133883989655e+00
5.498761157928219845e+00
4.638471945251292361e+00
6.187769947397416814e+00
5.735347146121524631e+00
5.581182576073672408e+00
4.868973698804938799e+00
6.615115959466482565e+00
6.098760447391907924e+00
6.184463575953532910e+00
6.981270976263001415e+00
6.262685969297964839e+00
6.090816267776783199e+00
6.161944374152300341e+00
6.021098146930478734e+00
5.561083201307629231e+00
6.368503418325762944e+00
5.366941809217212089e+00
5.714239348289222420e+00
4.807878815792837379e+00
6.136822438956510695e+00
5.710397442070412666e+00
5.598749107471713060e+00
6.670145532424071710e+00
6.243480048841969499e+00
6.639647727414393685e+00
6.335795455943444843e+00
5.648976197186657444e+00
6.889236873512860626e+00
6.721663162998263275e+00
5.645235265532593694e+00
5.948537854442446537e+00
5.173688544393455047e+00
6.046113078028165333e+00
6.292991299626079282e+00
6.165077440897814398e+00
7.196351052429239559e+00
5.687371551750945109e+00
6.237606823601160144e+00
5.710786257576238256e+00
5.624271446833232879e+00
7.284041521296825472e+00
5.990126602889991325e+00
6.513205370105119130e+00
7.136873701521170510e+00
5.850143956192941808e+00
6.705740410460597545e+00
6.261922412706409702e+00
5.302288209981305123e+00
5.443789418792650103e+00
6.253105440210217303e+00
5.397675890041458757e+00
6.560567401655273301e+00
5.948420458656620724e+00
5.389254585619284832e+00
5.979163466046044206e+00
6.033548004675574283e+00
5.832832188812790974e+00
6.231311178365445791e+00
5.980800129013518429e+00
5.936814118431229303e+00
5.953468004553669424e+00
5.366185664893159846e+00
6.481441433126303941e+00
5.311956491506929723e+00
6.002750695464043496e+00
4.633675626460244779e+00
5.596021570293250313e+00
5.307923311026986113e+00
5.927317125905265272e+00
5.582980471102650277e+00
5.932231533115201572e+00
5.778434810090422147e+00
5.739494834159764025e+00
7.241929493916694049e+00
5.506555491265964442e+00
5.892975527862494900e+00
5.644087133353205665e+00
6.160304051882395271e+00
6.082260549535318361e+00
5.237798040578833358e+00
6.039016388119048173e+00
6.277318056289942660e+00
5.940687269614945087e+00
6.286519053200816387e+00
6.205560510101057581e+00
5.579560423575302686e+00
5.152919059282917047e+00
5.632413244405713115e+00
5.252318857621876447e+00
6.434776224367170450e+00
6.464020775947624919e+00
6.809679211251342679e+00
6.021975837993800873e+00
5.761645432132570299e+00
5.841186054712515840e+00
5.796946407872468399e+00
6.426314778450117338e+00
5.920679611964676958e+00
5.985268624213484046e+00
5.746230316498526669e+00
5.019188350811772281e+00
6.434635995786623930e+00
5.525470675611380500e+00
6.307686914524667010e+00
6.899325056161624836e+00
5.860568613553888362e+00
6.497425498589412207e+00
6.147563228942284574e+00
6.212738851956190800e+00
6.200786207726262766e+00
6.204305136975058588e+00
5.960218211672657418e+00
6.066248681241996010e+00
6.656990428810553695e+00
5.900660411305969077e+00
5.679075732526205122e+00
6.189503133839860283e+00
6.167066604031594679e+00
6.043133089907906097e+00
6.559814522951612048e+00
5.928010524491141631e+00
6.479241666731203608e+00
5.672719964132325821e+00
6.256773396429442968e+00
5.770509320279761489e+00
6.367147318663368694e+00
6.201539964279504602e+00
6.956293640558032898e+00
5.876036360292463456e+00
6.541967322601099255e+00
5.483154951589939152e+00
6.315584597768451935e+00
6.387488667556209698e+00
5.888004387947709972e+00
6.062460162837560063e+00
5.270326862792833467e+00
5.750601844973843413e+00
5.325354883303165643e+00
5.596650635888712699e+00
5.925289567840686722e+00
6.495966361754919483e+00
5.241034914543448053e+00
6.046649854994341489e+00
5.882196494873676684e+00
6.769473129730538830e+00
5.126029359262418872e+00
5.565021083533948421e+00
6.314109153353678394e+00
5.180509263404979414e+00
6.339287614958794670e+00
6.147380038116011747e+00
6.390348456648654363e+00
5.536692203442047600e+00
5.907404935113071076e+00
6.520818769286380601e+00
6.114964252303316528e+00
6.604184946175332804e+00
6.344228172927232734e+00
5.756105927012555412e+00
6.496864820395488849e+00
7.198884174821960968e+00
6.417441700747517963e+00
5.839721854426014325e+00
6.396902500139895587e+00
6.062599604170545220e+00
5.209919807677911407e+00
6.649067915391727368e+00
6.177641101169900395e+00
6.141345543647232397e+00
5.975519192414136427e+00
5.970810993051689053e+00
5.639172445314732940e+00
6.685938025638904492e+00
6.336053889931126726e+00
5.850046922528885140e+00
6.142421531579586258e+00
5.405122986711329069e+00
4.691295625908820099e+00
5.410794751791679680e+00
5.710715614619772396e+00
5.874152701744872473e+00
5.958067108976458748e+00
6.722175951606860878e+00
5.272947768317674644e+00
5.623613290205476289e+00
5.984762521797200918e+00
5.928105660551644007e+00
6.249361566708270921e+00
5.744634099280867545e+00
6.507882492909130789e+00
5.760198227663924087e+00
6.210270087455434407e+00
4.912838555799211804e+00
6.158830007961402231e+00
6.061520370242522660e+00
5.535033323091365531e+00
6.100722317079964263e+00
5.783273963899995707e+00
6.710199522225089197e+00
5.973648616365802688e+00
5.803849494604182091e+00
5.683030450915130594e+00
5.867149383046926125e+00
6.499551003221525569e+00
7.139097242028239698e+00
6.328517310407034024e+00
5.919055081234002813e+00
5.911778840232434717e+00
6.767226701447690118e+00
5.503573095513558222e+00
5.311798842186634673e+00
5.785758515937409641e+00
5.245080999643908726e+00
5.563684885757944620e+00
5.719886503189990812e+00
5.572516093236465906e+00
6.435788554601225897e+00
6.237530109668511180e+00
6.018666195835032262e+00
6.354719368947991498e+00
5.659888695129028591e+00
5.868739066181253961e+00
6.611503797198171384e+00
6.579762566047210548e+00
5.856124474073615360e+00
5.722416665072075581e+00
6.467475701782180231e+00
6.844181739281324006e+00
5.528922898215931525e+00
6.821078448211586931e+00
6.317564362739294559e+00
5.116047076134879745e+00
5.948048867037848630e+00
5.807351053253914763e+00
5.722988067840041992e+00
5.015543761555678159e+00
6.369890201722558487e+00
6.055608746103118278e+00
5.741192231871435681e+00
5.709379437298839122e+00
5.934968625105404350e+00
5.583096612197798514e+00
5.978312582603215297e+00
5.039241509237572636e+00
5.798303473097608851e+00
5.265725245676725841e+00
5.952531228944930142e+00
5.964951535358299139e+00
6.076212509449723242e+00
6.515649904319159802e+00
6.309237504335048818e+00
5.474371001871201514e+00
6.009453790357758507e+00
6.128033776909181718e+00
6.017949544811123985e+00
6.390216705533817709e+00
6.331294613664989690e+00
6.243849767160852160e+00
6.439216141265493576e+00
5.802579941809861808e+00
5.263336369399177705e+00
6.011271404297535703e+00
6.322058891973176387e+00
6.139974048997184575e+00
6.590347222668288651e+00
5.605700480744530978e+00
6.057188158311218373e+00
5.639342465183704078e+00
6.382466281927487550e+00
5.324694930190077002e+00
6.809094166954264615e+00
5.917190568211636581e+00
4.824122236991936319e+00
6.127863311320861150e+00
5.797611649579996751e+00
5.039315564074404286e+00
5.499226707723911645e+00
4.683241269245430161e+00
6.084985098382326818e+00
5.280693083915106278e+00
6.807942964789747364e+00
5.698026666429321985e+00
6.473355667431744287e+00
6.151997233591337988e+00
5.520454976927354984e+00
6.917215321549624818e+00
6.107459441566489566e+00
5.725983859271108756e+00
6.551968549764936256e+00
6.615735579216101669e+00
5.984256784561564402e+00
5.998720317232792532e+00
5.459673722531020346e+00
5.620883477694185615e+00
5.996740100418935349e+00
5.788466194351285843e+00
7.106198753775150756e+00
6.592596573000339966e+00
5.285959440037517609e+00
6.553844555627664548e+00
5.638873105992326273e+00
5.719362773214179185e+00
5.257541409556793610e+00
6.159422528612251035e+00
5.853296644742558286e+00
6.067106352508088385e+00
6.163144419768463500e+00
4.786010756791279519e+00
6.075560813560901607e+00
5.886978617243582512e+00
5.901709740332780285e+00
6.067326363513680043e+00
6.429563531946379307e+00
6.111902446222415186e+00
6.168622679137721221e+00
5.723879706513170795e+00
5.797007901987153211e+00
6.439974834533654935e+00
5.887464321400721623e+00
5.642995987576530759e+00
6.540830142733576658e+00
6.207943702287281873e+00
6.373549640318099563e+00
6.101134498155855290e+00
5.734384606049557576e+00
6.013612316888572451e+00
5.472925167329401042e+00
6.431804541284720678e+00
6.905374923247441288e+00
5.650489535367909433e+00
5.634796980008978551e+00
5.952239857005847234e+00
5.531297215806835865e+00
6.386867054009342404e+00
6.809704425728071442e+00
6.707897223407104370e+00
6.010884315896491081e+00
6.032801420996276143e+00
6.368945837144686983e+00
7.025426281503701631e+00
5.814495109939931794e+00
6.031978186035553691e+00
6.006442496538693554e+00
6.686108379184318551e+00
5.815491685850605386e+00
6.558019412773956169e+00
5.811334446738123383e+00
5.768343800142203825e+00
5.128548316345670877e+00
5.051578827299658236e+00
5.265961769079094523e+00
5.644144967164351989e+00
5.352017407196302479e+00
6.178159693260181662e+00
6.350497238434744673e+00
6.011953967274177302e+00
5.109658368983943433e+00
5.139288234782922515e+00
6.290649947856597812e+00
5.860281707378771188e+00
6.050609105047194625e+00
5.880472483416784080e+00
5.333213197005051143e+00
5.752948746343077069e+00
6.908675579757452390e+00
5.965224852471658679e+00
6.224278585154792154e+00
5.819531046727137280e+00
6.293775564046258708e+00
7.026681359245971592e+00
5.642956810718763094e+00
7.040638073408957531e+00
5.769449983483850630e+00
6.449033074506036911e+00
5.835859538030896410e+00
6.303065348673731805e+00
6.357939817609878475e+00
5.761557071325722923e+00
6.568393361874683478e+00
6.313673231393097218e+00
5.586433708891116900e+00
6.352806680046790611e+00
5.855354747524655679e+00
6.536399845161388278e+00
6.080793460091016733e+00
5.587827658949967358e+00
6.327946873576727249e+00
6.077578614146990965e+00
5.993779307351718266e+00
5.466493042669361202e+00
6.032473576429139506e+00
5.899071157295031398e+00
5.361602161668820088e+00
6.413975659777833016e+00
6.926480830817197010e+00
6.023239911139076419e+00
5.939845637539526102e+00
6.517643654368758810e+00
6.301946874610010241e+00
6.351013845847298889e+00
5.945588150824525187e+00
5.986853389381224133e+00
6.208950661828579243e+00
7.021336200910993419e+00
7.123947352005013833e+00
6.185872644398082265e+00
5.810805091381316956e+00
6.567090624772525587e+00
6.244894856444039632e+00
5.358996997524566375e+00
6.175348723554799690e+00
5.827506641944289356e+00
6.359229319443874928e+00
5.503619935148388542e+00
5.869585240081073074e+00
6.736820441177401086e+00
6.410882988889488487e+00
5.610463642896158731e+00
6.569809943139096831e+00
5.730324700446895569e+00
6.008919515552460844e+00
4.453234095623160194e+00
6.268311091843394856e+00
5.488871165326981938e+00
6.631075033552772169e+00
6.404943673691356310e+00
6.138690318368199783e+00
5.418728193581494601e+00
5.469393091196347534e+00
6.608453347698382885e+00
6.364278454660072804e+00
5.683371931854517278e+00
5.826248808920914790e+00
5.817396849180960672e+00
6.667924885176626404e+00
5.503980035917169999e+00
6.329562594433324918e+00
5.980152970495670850e+00
6.873138627715905002e+00
6.344839776899240391e+00
5.995522185674205140e+00
6.227749909255340555e+00
6.408780350931266412e+00
5.877328927196281860e+00
5.015773396635299974e+00
5.324639945749924941e+00
5.966766816526490658e+00
5.849245508994890486e+00
5.659195320349672542e+00
7.338918464459979418e+00
5.604718787649177969e+00
6.206995335084448229e+00
5.823040724870761409e+00
5.766918564990267448e+00
6.173241886805699075e+00
6.214924745939662820e+00
5.572071127159734516e+00
5.654951460793596674e+00
5.635609214899665709e+00
6.327461238482627870e+00
6.388802319677149733e+00
5.869387910445641232e+00
6.171350952782325372e+00
5.839990684565963264e+00
5.950825068703577081e+00
4.846137980383675270e+00
4.568428767829906256e+00
6.145884431772459244e+00
6.484579239812487295e+00
6.576797900867185298e+00
6.395714516251299386e+00
6.047311660619539175e+00
5.194401349715421112e+00
5.892513659510359325e+00
4.934960523832200074e+00
7.096808764145772663e+00
6.124146060535020197e+00
6.032478906992515100e+00
5.591001023065575559e+00
6.524050834708544855e+00
6.422780337868724487e+00
6.075532465878026755e+00
6.171753860447329210e+00
6.123955804636930011e+00
7.289255533932684550e+00
5.529080654602405609e+00
6.412216742933023461e+00
6.273442069226565998e+00
5.652425435999497871e+00
6.136350088301243844e+00
5.016957167027194409e+00
6.034103820364545179e+00
5.970551221202416770e+00
5.565478928439777206e+00
6.058373871709227032e+00
5.633350210857615004e+00
6.070552893109718795e+00
5.628022670941017935e+00
5.320988788626773491e+00
6.247034885126007353e+00
6.072822817750126667e+00
5.409672730199532431e+00
6.461262733604801412e+00
6.394763125463855502e+00
5.821181592463687160e+00
5.527006888564201859e+00
6.732567397671392229e+00
5.031840827335451571e+00
6.180023182941623894e+00
7.035869818418170496e+00
5.095378044695790365e+00
6.171865575064142462e+00
5.164406248768896646e+00
6.153734911527616092e+00
5.938279231055240359e+00
5.781528563149798572e+00
5.785372144528797556e+00
5.897404740790069155e+00
6.598855296013569571e+00
6.747755542975359511e+00
6.827244553473283517e+00
6.003634270514982774e+00
4.985015893381593344e+00
4.695098479659320034e+00
6.999608726230671429e+00
5.534917034539280856e+00
6.185674928080688417e+00
5.384704675817004293e+00
6.693111082511505217e+00
5.807387609038311638e+00
6.657182334405515434e+00
5.946156192626680159e+00
5.646983610076589777e+00
6.645644373590174681e+00
6.947805436045021210e+00
5.924288667994576763e+00
5.806943657401558490e+00
5.334025142271942244e+00
6.337606704783722122e+00
5.712212235663853832e+00
6.276338331650477720e+00
5.490008430409822893e+00
6.449818486953463825e+00
5.498735554576476225e+00
7.436456860054942553e+00
6.215743064387162065e+00
5.992163715831765103e+00
6.385871876250904577e+00
5.930648756228755758e+00
5.285693977008502742e+00
6.430779285608116957e+00
5.193874197797681447e+00
6.609567033380969292e+00
5.744057911885754208e+00
5.893094992782315522e+00
6.348669703592988434e+00
6.147358275437738939e+00
5.404910423136942477e+00
6.389721674812311569e+00
5.945614608586865302e+00
5.498724093661865098e+00
5.610201861588886452e+00
6.661540146727548795e+00
5.771024171734347341e+00
6.387302248427999096e+00
5.645323327120269852e+00
5.704858315672032276e+00
5.377433177378984297e+00
6.386578894534142847e+00
6.030366462295184249e+00
5.796920220776304866e+00
5.414540398208485428e+00
5.596734808450150922e+00
5.098958020349027898e+00
5.783014692367648202e+00
5.977678627456311844e+00
7.051676618355395831e+00
6.060173431993497672e+00
5.436040813272977168e+00
5.806043287465214142e+00
5.313068958801618891e+00
5.707039238310321672e+00
5.725083736083666608e+00
5.715975224669080035e+00
6.299765064283008975e+00
5.481841001759879539e+00
6.752089797455700371e+00
6.352597159320542808e+00
5.184789930424003046e+00
5.685328115748718325e+00
6.515910539027117032e+00
5.447881759017320746e+00
6.064337212413736466e+00
6.361650427610085146e+00
5.872241310833397954e+00
5.652515461082547432e+00
5.671586412704853863e+00
6.853522789263008619e+00
5.176986525432226927e+00
6.228594835432872401e+00
5.669155124678785462e+00
5.775285113181801933e+00
5.061745536461476291e+00
5.794081036155502851e+00
5.855865309196201629e+00
6.192933574495250504e+00
5.930327050490673990e+00
5.429915118661505780e+00
5.649307265320743454e+00
6.265325634500997332e+00
5.746229960046932206e+00
6.036911884736547051e+00
7.444507694831533406e+00
6.099654898286317461e+00
5.324813082665969866e+00
5.850742382618689952e+00
5.574737956323840393e+00
5.707428671044629809e+00
5.204703618592091630e+00
6.032470655248131308e+00
6.411893007037275716e+00
7.108702238973575227e+00
4.939859171591162834e+00
6.600871887710511032e+00
5.705028026185610557e+00
6.354561508392013280e+00
5.733448412836208874e+00
6.180568529946515177e+00
6.927609402957260798e+00
6.065956972715043527e+00
5.407243105550358919e+00
