5.669725075345788845e+00
5.698792738055777463e+00
5.862738015504170619e+00
6.420558443550777206e+00
5.117047453232431486e+00
5.662326174288300429e+00
6.465920618852094570e+00
5.584089827715618348e+00
5.893226816287465475e+00
5.721894454328547042e+00
5.443632599350161527e+00
5.951286428279233931e+00
5.800709496384004460e+00
6.845702912283970321e+00
6.852560708275439616e+00
6.650238754780168904e+00
5.647768743840088312e+00
5.750881134304308695e+00
5.923977711416209324e+00
5.205928798628749021e+00
4.538886280648312344e+00
6.071669625560885741e+00
6.270017451906822359e+00
5.135518226294791155e+00
5.509217667921606498e+00
6.879543762238855109e+00
6.349039197678069790e+00
6.261545838746879866e+00
6.094604494545142082e+00
5.806608634667319357e+00
5.733758739901682056e+00
5.651489851597518488e+00
6.272823055117003221e+00
6.635934661541763369e+00
5.911290387257152723e+00
6.184333710550770746e+00
6.338023134734850572e+00
5.659023611576118995e+00
5.326064988150606361e+00
5.423685474694825537e+00
6.848195120551556769e+00
6.447397935413904158e+00
5.636800568398236955e+00
5.691013746303918097e+00
5.144373952913504411e+00
6.142468714614435221e+00
6.824802224125010142e+00
6.062582262267175892e+00
6.116127900508597115e+00
6.474011497808662696e+00
6.748850806916615319e+00
5.314489269401025950e+00
6.443158214643307069e+00
6.058810907497569787e+00
5.558052756515711401e+00
6.239401558297833716e+00
7.277469709839052392e+00
5.819996473493922906e+00
6.272181068866219178e+00
5.114438885050102357e+00
6.878158466140320115e+00
5.298747848965766671e+00
6.223704766757731655e+00
7.140898720103828978e+00
6.149492215636715109e+00
5.061029263221676899e+00
5.553143286334956130e+00
6.115995052192405801e+00
5.835077540159458565e+00
5.641157891922115475e+00
6.797910482761270856e+00
6.194036397526206272e+00
6.195075960627370648e+00
5.713500011599807138e+00
5.544913201147020132e+00
5.876491732598300821e+00
5.512440439665494907e+00
7.566616106254343777e+00
6.930512140797048026e+00
6.357718374697905794e+00
6.160904875256650648e+00
5.355573698384975323e+00
6.632871709769775137e+00
6.104974594364201756e+00
5.816701160217267130e+00
6.528491755957055886e+00
5.947805564024157832e+00
6.617674434264728234e+00
5.998084628824437381e+00
6.235214689260777376e+00
6.901843576544708370e+00
5.635708660343325960e+00
5.979560777296695662e+00
5.878578361341003422e+00
6.210029574847690803e+00
6.124874961801410223e+00
6.149043266227465665e+00
5.859448023398046601e+00
7.119487111838981086e+00
6.964517818112636149e+00
5.141380300236574108e+00
5.149029743609355059e+00
6.331366256552191096e+00
6.630912425873218830e+00
6.255711295645817849e+00
5.925169481682515560e+00
6.392779672102407496e+00
5.283136997118870859e+00
5.399156727208252349e+00
4.851745187572303664e+00
5.224422318362955231e+00
6.232746765811803868e+00
5.926241233586723389e+00
5.996306718486228426e+00
5.356734481315032603e+00
6.408092535662203382e+00
6.816047740129278054e+00
5.670280259463069683e+00
5.332770991037572017e+00
6.003810686749258885e+00
5.316016266981280047e+00
5.490419472129955736e+00
5.766059091606122067e+00
6.249713953066100558e+00
6.405818448724954095e+00
6.414806900648247989e+00
6.243100117361710666e+00
5.772271483391237190e+00
5.536585980927330120e+00
5.698667036248151518e+00
6.137317578793319406e+00
6.713635554024092400e+00
6.422072909707527977e+00
5.501808521628851700e+00
6.501667908857915457e+00
6.211214678825936808e+00
6.363443478131160624e+00
6.962639148397553157e+00
5.579113897429218483e+00
6.088328139694119123e+00
5.600668103820792609e+00
5.631928652092859977e+00
5.930886929992206014e+00
5.708211155247354895e+00
5.959128368059810832e+00
6.803270091615347681e+00
6.235330693787591194e+00
5.928146440415654972e+00
5.295194250775132616e+00
5.677177253259403145e+00
5.731931909135495218e+00
5.980477198703685104e+00
6.437886081697748786e+00
6.707732990895483027e+00
5.627593666709226561e+00
6.027290936650873121e+00
6.341312832170588720e+00
6.128262017768747683e+00
5.917010268101964954e+00
5.408820067664177778e+00
6.179009667323350996e+00
5.883114434377823443e+00
6.044118109934568217e+00
6.670218404172871374e+00
5.831709146880528216e+00
5.941257106880931893e+00
5.873570669672423250e+00
5.241527118419279319e+00
5.615039055363499898e+00
7.104686201904872433e+00
5.303406539101536588e+00
7.027093277335913157e+00
5.846771483809584780e+00
6.569263996167108210e+00
5.639216676495748537e+00
5.954530479900134843e+00
6.693353394122209643e+00
6.447802548984276072e+00
5.917384397108976124e+00
5.399880123116576058e+00
6.343539978126451651e+00
6.650567883300089633e+00
6.016270175237043993e+00
6.880402446471917344e+00
6.085877050522066511e+00
5.622243987492912431e+00
6.106112417973224460e+00
6.460510713958926843e+00
6.250906053351798164e+00
5.365822916183004665e+00
7.246828748263002495e+00
5.860657820978178556e+00
5.839204689365589118e+00
5.848474911283068955e+00
5.377865312131120845e+00
5.464326006136993819e+00
5.073130926596053136e+00
6.585775856670425199e+00
5.981272734528364943e+00
5.982026225340692172e+00
6.631533396408535452e+00
6.107048621931853383e+00
6.468847220747564464e+00
6.599365170175114592e+00
5.422947287910186986e+00
5.336682101599835804e+00
6.167728754211944775e+00
5.806783655055317794e+00
6.631208115757548427e+00
6.289735789130591392e+00
6.010410679475581830e+00
5.814832704399148788e+00
6.061875885052057988e+00
5.152162573364889475e+00
6.100326293433831815e+00
5.698744499523354712e+00
5.771894871690665063e+00
5.423990131610259446e+00
6.402765411051693611e+00
6.156443589055162313e+00
5.968528807292788230e+00
5.289041290434219889e+00
6.478192558049262750e+00
5.624571010586280728e+00
6.238339829408156234e+00
5.751659145162349773e+00
4.940815330978900022e+00
6.212154722302624776e+00
5.993538840081066965e+00
6.007105679141560017e+00
6.401512668393046113e+00
6.092349597078834833e+00
6.198659315623262778e+00
5.563529734688081874e+00
5.911988250591971195e+00
6.328221025891335394e+00
6.367379249657921569e+00
6.464875780363377622e+00
5.571255808488010608e+00
6.086963523199209192e+00
6.058158722806381569e+00
6.249454493450429915e+00
6.613965178147248380e+00
5.574655955185091827e+00
6.088441828406026879e+00
5.759234169334489728e+00
5.854128841694788754e+00
5.796850437981782456e+00
5.553313808913873828e+00
6.097262226054962042e+00
6.155322850091374143e+00
6.703222037679037015e+00
5.769599340943759813e+00
5.165258761836163615e+00
5.951735157132588050e+00
6.002168093554690387e+00
6.376233642413940750e+00
5.881640444929604250e+00
6.102782025896241080e+00
6.064171767320906348e+00
5.433694263879944586e+00
6.366217307098341216e+00
6.334961411976927081e+00
5.593123286052549048e+00
5.785263662912758953e+00
5.848066768607284693e+00
6.794434497987428045e+00
6.504601638829445420e+00
6.055352162717226427e+00
5.777296446349909687e+00
5.573186397746727749e+00
5.947336740955603496e+00
5.730894398678221258e+00
6.391802160588675896e+00
6.089155614702487895e+00
6.383117906129690766e+00
6.658556132263058203e+00
6.361115521810051021e+00
6.411981608978409852e+00
6.851454839044290424e+00
4.372906126413274031e+00
6.302905907474635860e+00
5.959821711522950594e+00
5.857446821769886292e+00
5.896972886345070997e+00
5.954648385245175923e+00
5.705437752530390760e+00
5.762580179089608734e+00
5.971466276483014646e+00
5.390929137597499476e+00
5.909787192251333643e+00
5.389419994737273178e+00
6.437817461358636528e+00
6.166389845126933444e+00
6.612815680598313151e+00
6.995699073347619645e+00
5.469218146268705283e+00
6.332734065701516535e+00
5.453393544236205592e+00
6.275772698693765861e+00
5.909716138072333536e+00
5.840850833761605188e+00
5.552427997849484598e+00
6.416579703945066271e+00
5.175547575640795372e+00
5.578031208840481092e+00
5.747416259422061025e+00
5.370728909881107072e+00
6.142689693553992747e+00
5.658722541137390927e+00
5.090047254985877068e+00
5.271367775579033577e+00
6.299393179256481901e+00
5.508133512241672136e+00
6.546941047021968885e+00
5.876048081453015826e+00
6.838183137555191138e+00
5.545760575641092593e+00
6.225575281487862433e+00
5.881301112724386826e+00
5.024717014289548089e+00
6.313511354290650246e+00
5.847810818759041851e+00
6.644982194033991263e+00
5.990743560273635637e+00
5.617073804982640972e+00
6.782903570508400648e+00
5.207257980029698530e+00
6.563679829831286838e+00
6.190753333823581173e+00
6.186694063783072295e+00
6.794344864342847679e+00
5.662069679660226562e+00
5.787860898164397305e+00
6.731301401911369275e+00
5.899076975459542460e+00
5.627580853653625148e+00
5.948364239338314263e+00
6.527365371580849285e+00
5.478564167215870917e+00
5.714109813577549879e+00
5.014956482719663100e+00
6.069324749594546375e+00
6.439382921006550298e+00
5.936502283094177379e+00
5.744779038938962579e+00
6.482377168910006482e+00
6.557121943046515078e+00
5.920166285438047460e+00
5.156189714094756127e+00
5.311306771587319453e+00
5.060521485098559147e+00
6.518728530784605901e+00
6.455317420886474977e+00
5.169639606012836452e+00
5.542498481043084624e+00
5.853820289947404554e+00
6.685361223117893381e+00
6.336718017104057132e+00
5.788889760363185033e+00
5.899121970027664474e+00
5.847175887781668635e+00
6.094705060022719501e+00
6.567644558574802893e+00
6.831679746031509737e+00
5.762742119457984202e+00
6.939802577333606060e+00
5.830841008374501477e+00
5.011301347473008150e+00
4.970938560385596006e+00
6.028785465895220241e+00
6.593914339131949021e+00
5.472707368619794011e+00
5.911556413329237536e+00
6.098999265920870272e+00
5.497690588637009768e+00
5.682205455727690868e+00
5.409962873946248862e+00
5.117599962538088576e+00
5.771193167950455560e+00
6.168364157054781138e+00
5.880202904658139218e+00
5.561503758502418293e+00
6.149094301678729835e+00
6.577518352057716733e+00
5.874934052216680413e+00
5.715057089914724386e+00
6.154045801541996319e+00
5.645215443802382715e+00
6.055786470952844169e+00
5.520358104025313573e+00
6.262862907854204408e+00
6.074893423016069605e+00
6.047186241812149810e+00
6.097012801667214710e+00
6.289431909851186830e+00
6.776397664244321106e+00
6.363492247362358967e+00
6.364968750136780429e+00
6.307519429450471726e+00
6.519443390541979078e+00
6.497532422851850953e+00
5.641794882301848446e+00
5.289953248711746880e+00
4.656604377808827522e+00
5.957322610251041262e+00
6.062899076426192302e+00
6.214286932902657767e+00
6.249016862109419534e+00
5.945119703054714044e+00
6.126856652558729799e+00
6.929208755630859251e+00
6.107945459372485786e+00
5.873843377289938772e+00
6.112690005519566760e+00
6.179714008832225325e+00
5.638430306533958714e+00
5.773470524154000749e+00
5.604945009513814469e+00
5.808750608651448211e+00
5.375729511902782143e+00
5.928589726137655447e+00
5.335998912058743215e+00
5.442214210078253345e+00
6.329628023606909792e+00
6.249666318227188100e+00
6.561964946249696951e+00
6.028814021523685618e+00
6.160974590063421630e+00
5.793381971667685981e+00
5.547062305892416667e+00
5.649836453472812714e+00
5.874089558012813406e+00
6.137370670243877058e+00
5.606212643210486846e+00
5.190613899875885728e+00
6.179510236501390530e+00
5.478030044553896083e+00
6.489000977996029818e+00
5.356823271100241257e+00
5.503054527609416269e+00
5.270490195844286241e+00
6.243105678862169938e+00
6.237216040659204097e+00
5.630174775924969843e+00
5.700011330891220140e+00
5.674737860482164997e+00
5.195046981531739938e+00
4.580614884848134949e+00
6.099102494670074037e+00
5.905009961500170768e+00
5.208921073282626324e+00
6.188545691447452590e+00
6.672477157595714026e+00
5.963507574329837801e+00
5.647707723392656476e+00
5.819911960395519834e+00
6.082310908688629780e+00
5.818564663373257950e+00
6.159640320314449191e+00
6.716621615967774517e+00
5.746068627300020104e+00
5.333704163507602125e+00
5.797667541116132917e+00
5.929804020302471557e+00
7.028562330759681842e+00
6.885415333322925768e+00
6.143566903428458126e+00
5.511996894210419384e+00
5.789838801772543064e+00
6.044720542203061875e+00
6.101161357888188697e+00
5.845316898307068243e+00
5.859157781919648755e+00
5.982360323572215144e+00
5.608032880904198159e+00
5.892622963048137485e+00
6.456300276862773302e+00
6.726838555067364389e+00
6.043375624715229044e+00
5.949170479577733595e+00
6.320040548497568800e+00
5.410622035506412075e+00
5.724135057023602258e+00
6.138412796622731094e+00
6.703691032968183805e+00
6.089607920420278653e+00
5.658395884424910705e+00
5.694045837872788063e+00
6.532685503068583088e+00
6.785957241206699742e+00
5.873326377200063675e+00
5.471525016000902575e+00
5.040337463209606739e+00
5.840553054826547630e+00
5.452333910830732933e+00
6.275471685184224491e+00
6.075823779411960501e+00
6.423682301480006629e+00
5.967493131229887560e+00
6.780988310066239144e+00
6.322099598970338796e+00
5.988311445556449897e+00
6.088709025196851421e+00
6.159243101404151766e+00
5.911810888144117371e+00
4.783298450659152934e+00
6.033426018540395397e+00
6.355678078009887599e+00
6.556534472552384862e+00
5.829237907793482165e+00
5.719124626280929213e+00
4.953561776371973480e+00
7.385451997410144465e+00
5.447606113171118203e+00
6.279494657474059771e+00
6.308867997709885600e+00
7.196820231762366404e+00
6.187925283930749920e+00
5.469731736885178996e+00
5.969631569812645644e+00
6.241423961883794114e+00
6.419565799312182186e+00
5.989564460946332325e+00
5.846802657260113278e+00
5.245132683992281386e+00
5.640540581348087557e+00
5.580104695981553675e+00
6.422877880812276175e+00
6.532566921500150947e+00
6.148918451207041613e+00
6.969597488909882621e+00
5.848380973397632410e+00
6.085420938304490157e+00
6.948273256910286300e+00
6.323393146728982117e+00
6.169936240659927407e+00
6.240351266873571667e+00
5.742202155314274137e+00
6.247202923071219161e+00
6.304174918212558154e+00
5.775502830409684485e+00
5.943320445576483202e+00
5.711728135299631859e+00
6.420304129509359470e+00
6.623016697236312922e+00
5.936882864073792732e+00
5.837689137302175979e+00
6.810566138812488290e+00
6.457701076226451065e+00
6.371180795078929648e+00
6.666508583656737486e+00
5.448571451490916928e+00
5.821694836584242694e+00
5.498995026533886943e+00
6.428089473687507827e+00
6.353567562277532943e+00
5.458751017388319582e+00
5.575894386149161441e+00
6.615338139609987067e+00
5.395753932024062394e+00
5.921987574112729469e+00
6.559799879518537935e+00
5.765792628410146392e+00
5.241001259247525468e+00
6.535131064280129465e+00
6.095817883444080820e+00
6.121673407899099750e+00
6.451381108551091259e+00
5.126602606360280312e+00
6.249237329445574751e+00
5.605607904304436673e+00
6.760112564384689549e+00
5.804891695551987141e+00
5.914417683401159920e+00
5.935945013374724688e+00
5.722282600998060076e+00
6.636619569286785314e+00
5.801185715181207847e+00
6.912999458676740261e+00
5.688249514017338804e+00
5.818802966847458791e+00
6.102412901557570990e+00
5.888745760558045994e+00
5.661901714887404680e+00
6.594584029123145008e+00
6.264442928649316400e+00
6.297919170363875274e+00
5.597158755603778069e+00
6.507160831018728331e+00
6.138107002491736353e+00
7.210129045832900374e+00
6.165800365316540521e+00
6.656488595649332929e+00
5.711937239819782519e+00
6.324823228949577825e+00
5.539208458547153491e+00
6.155476506767268319e+00
6.817642013892830199e+00
5.871263108475476500e+00
5.878692591349532925e+00
6.633931692208009601e+00
5.199888166554969438e+00
6.526719411122269499e+00
6.024624834925417893e+00
5.714609799892055086e+00
6.712710787502745191e+00
5.482280575139599321e+00
6.015568830224521157e+00
5.833228409520494928e+00
6.492703095881861231e+00
5.751035485107947487e+00
6.746330887975590329e+00
6.325850584643055718e+00
6.008036621109916986e+00
7.063168972184099559e+00
5.071949964815064327e+00
5.649032814215463993e+00
6.139529848710131965e+00
6.408582403185377530e+00
6.475843936384739763e+00
5.485248849321178177e+00
6.273817434364757695e+00
5.523276468285576613e+00
6.350153752890006942e+00
6.889505100572996810e+00
7.073250990064962274e+00
6.541484662279981599e+00
5.372185949672557470e+00
5.623312034698161099e+00
6.085070164522424996e+00
4.782383071666933105e+00
5.838265980883748263e+00
5.649170104845933515e+00
6.019380510422370989e+00
5.776909514176268523e+00
5.148654613324748830e+00
7.066343881952152906e+00
6.434164106412739947e+00
6.023765813295086424e+00
6.683308264517834552e+00
5.550154388716029175e+00
5.635500539382859664e+00
4.978075426183810492e+00
5.729342213807572470e+00
6.718166330977627609e+00
5.505862284343524315e+00
6.893428231374483239e+00
5.514804812279723301e+00
5.473059669339509270e+00
6.231591243973766403e+00
6.404185556299742288e+00
6.287164970529820707e+00
6.282089855397160250e+00
5.844377522045393292e+00
6.244803033525801794e+00
5.750372511061946135e+00
6.940007796137090956e+00
5.846066482334838277e+00
5.965821748131312496e+00
5.815995037410027102e+00
6.316832270977518426e+00
5.423870668524179095e+00
6.348520028262440107e+00
5.796248133673427283e+00
5.567370613292242254e+00
5.703504744006939298e+00
5.375565174920224898e+00
6.726517188602444186e+00
6.254667923038452315e+00
6.432294128502432429e+00
4.949277632881550204e+00
6.201023087707027592e+00
6.057204811164248248e+00
5.498379809956785991e+00
6.500760995837887357e+00
5.363541025845881549e+00
6.188291972453374257e+00
6.025661122578616968e+00
6.117888358692468387e+00
4.939775817481303122e+00
6.457037142004642405e+00
6.386842172291529174e+00
6.753410460891847933e+00
5.688682066925344394e+00
6.467825821866229674e+00
6.220802736312826653e+00
5.709866094440131157e+00
5.985297042301060522e+00
6.268160833207259586e+00
4.850960740015495709e+00
6.106554439435021742e+00
5.832121475246768938e+00
5.393351602977074499e+00
6.209650939228400723e+00
5.282399126586815541e+00
6.400490501647114527e+00
5.748591009944802543e+00
5.483958491395295454e+00
5.915036863928104793e+00
6.256427768117109878e+00
6.064253365156897502e+00
4.656956909951907697e+00
5.395960845152126595e+00
6.246083357672660874e+00
6.091779006185213063e+00
6.028383978495941875e+00
7.006608068909083720e+00
4.220795285620496884e+00
6.188723534095326606e+00
6.015010382919053988e+00
5.971842389528277728e+00
5.548746215152490002e+00
5.969107632016219966e+00
6.336035378624646164e+00
5.383579353567379044e+00
6.116479307119593756e+00
5.908320035796087666e+00
5.746687224239181546e+00
6.130305279581019562e+00
5.709434483468371901e+00
7.587895831947972347e+00
6.642462679660681601e+00
6.734813487555266320e+00
6.624651775120937280e+00
5.437482235902062477e+00
6.164947365573418381e+00
5.879506187792130412e+00
5.603770457222490009e+00
5.752947899001619625e+00
6.176343763995395975e+00
6.390242345985196692e+00
6.597580316977259329e+00
6.487306509353355288e+00
5.410034736421348356e+00
5.761059736736515724e+00
5.376574273797887216e+00
6.114987154846931006e+00
5.628910533918319636e+00
5.460111634167567729e+00
5.986475417044305303e+00
6.016410760846243377e+00
6.321447028696610460e+00
6.238076181094853290e+00
6.412367367295731313e+00
5.661801530887832890e+00
5.015263206026908449e+00
6.104366859475426565e+00
5.689194922921712028e+00
6.267524847719562864e+00
4.852302094917658515e+00
6.265684010786311653e+00
5.691538897617757442e+00
5.991552654387748866e+00
6.217864277043710253e+00
5.916822903818424351e+00
6.367316406619672797e+00
5.787355115653341819e+00
5.899722832951816542e+00
5.810104862458906005e+00
5.569184516416484598e+00
5.720873083542624471e+00
5.658391532324096751e+00
4.540206216667812988e+00
6.461203165818395711e+00
5.353899083558918193e+00
6.603728968820807843e+00
5.614055254252517280e+00
6.476523946965405010e+00
6.680895851287993459e+00
5.951347299935479285e+00
6.361693070603470446e+00
5.796597787993214013e+00
7.434064147242079201e+00
5.037033262242468723e+00
5.573996993979557502e+00
5.792079985817149002e+00
6.552056600126078045e+00
5.661838820724518939e+00
6.422962479450719187e+00
5.976194087637909824e+00
6.622943449140489491e+00
6.096632835513807080e+00
5.757267318425589586e+00
5.806735654983051553e+00
7.015184655776142364e+00
5.876504276058180487e+00
5.521269258798222168e+00
6.508784450021434687e+00
5.676396860709853165e+00
7.130325459000408372e+00
5.482190678592681721e+00
5.616356868874381902e+00
6.466571352018092078e+00
6.467250030983111131e+00
5.603211183377328375e+00
5.766230186263956448e+00
5.867323893916273292e+00
6.424186426397608507e+00
5.941125949383709859e+00
5.907775537623238371e+00
5.429882947748135180e+00
6.701227351198641990e+00
6.335749174715646248e+00
5.169732716069005640e+00
5.924888819138434570e+00
5.180047623613368124e+00
5.838550764977406438e+00
6.067412225803081149e+00
6.638080261313217711e+00
6.117712585153464389e+00
6.287138431390526527e+00
5.694292393086621829e+00
5.521428008632776496e+00
5.735643911169208131e+00
5.834975859566574385e+00
6.741720508206060281e+00
6.667089067241843026e+00
6.076946202762178117e+00
5.255165224386376011e+00
5.567722352964549870e+00
5.268781319282155984e+00
6.420951833412948950e+00
5.688488064232172903e+00
5.982147674965172079e+00
6.100898065312615692e+00
6.322762806766483834e+00
4.745692173560955851e+00
7.475362129579253612e+00
6.397029877210631987e+00
6.235555106178505724e+00
6.218855721906088263e+00
5.780443177844688307e+00
5.663072309949867211e+00
7.251003510930513762e+00
6.784047150322508379e+00
6.458743115134048196e+00
5.925179094036726823e+00
5.872361368527456271e+00
5.832223200200339797e+00
6.534574444262112536e+00
5.648084962703754819e+00
5.751417245076964058e+00
5.174998982328526509e+00
5.242721991048092001e+00
5.964845256791335260e+00
6.691373170376202495e+00
5.249737612931975939e+00
6.051707202739689428e+00
6.651428637985683068e+00
6.463920124535942335e+00
6.827318118450047102e+00
6.170707719930169866e+00
5.664262978825815864e+00
6.229429320240070567e+00
6.032329543508967440e+00
5.883553160018117012e+00
5.952225944235784105e+00
5.773964284852586282e+00
5.810379894901807063e+00
5.666236367224275483e+00
5.431832931956436461e+00
6.199649564119901868e+00
6.238029516637074501e+00
5.694813551219087167e+00
6.284201244388176733e+00
6.737407166158826399e+00
6.812791004462825484e+00
6.676595510965608327e+00
6.619846684540426018e+00
5.461497993334447187e+00
6.348221056500938708e+00
6.697560705106441858e+00
6.088775758515899028e+00
5.601746540601238777e+00
5.804865903202282240e+00
5.282667192021163416e+00
5.652520861226800974e+00
6.004092761940619027e+00
6.299052066411730877e+00
5.468332176125031197e+00
6.239677196251436797e+00
5.021423716096069967e+00
6.005746164283390698e+00
5.848170060152640737e+00
5.857339606231466433e+00
6.484765003258273097e+00
6.000483294118149402e+00
5.647534693226112346e+00
5.440125422221507634e+00
6.084208506532310601e+00
6.375934762681839452e+00
6.456956696970155285e+00
6.308046057729225886e+00
6.467775749024585075e+00
5.030980583736772260e+00
6.161891625365311320e+00
5.354708831859755769e+00
6.089487678766674073e+00
5.817204876509490141e+00
7.037882426888098841e+00
6.819414561587981538e+00
6.741976818468240040e+00
5.557847070674841738e+00
5.961712195492996358e+00
5.701201511606646122e+00
6.192010826168914406e+00
6.024535486678210816e+00
5.941076400857147277e+00
6.267596906471015750e+00
7.078775287754332624e+00
5.471493940097216679e+00
5.957520577828189445e+00
5.580470500667517264e+00
5.778532914296370393e+00
6.660275754071018461e+00
5.723184897253546843e+00
6.592927970528780435e+00
6.272769049029335520e+00
6.734874374791945506e+00
5.178904755018795214e+00
5.462356882952692061e+00
5.937550592367789370e+00
6.105287617938923717e+00
6.361124405847990992e+00
6.167258510565948981e+00
6.721086034010220978e+00
6.443410665814012894e+00
5.534864063198620343e+00
6.494891101508225795e+00
6.181669140909124671e+00
6.476417205723890014e+00
5.101030144275530809e+00
5.805561635743142546e+00
5.968991671461447268e+00
6.883409995977228135e+00
5.735809682272955179e+00
6.000896357341476417e+00
5.430620867331648505e+00
6.038092685472927101e+00
6.319348848938453500e+00
6.029759961501872212e+00
5.643203592866292695e+00
5.948378499804063857e+00
6.360904298601465001e+00
5.279467682968583375e+00
5.393936891270977085e+00
6.275584412491730824e+00
6.176026670535102348e+00
6.061054196494652047e+00
6.540967389358973705e+00
6.437809082916682968e+00
7.232528943063416094e+00
6.618450718482432826e+00
5.801600636520808152e+00
6.372127188947585452e+00
5.539373215571353093e+00
5.442172618367127512e+00
6.702583616124933918e+00
5.469097154539323213e+00
5.660292266247885173e+00
6.210408349907490688e+00
5.869704784102111716e+00
5.636852957369575812e+00
6.078894134408475480e+00
6.825468097184331562e+00
5.659051741247106193e+00
5.908705820769703188e+00
6.154798644391481943e+00
5.690823095322671499e+00
6.275890440880163013e+00
5.558652646024131450e+00
6.569331482571196368e+00
5.571472907129403573e+00
5.357721550258593091e+00
6.090772635676426461e+00
5.779321596170586162e+00
6.666000693112142272e+00
5.720250102932711300e+00
6.369324868605396262e+00
5.867734868117144842e+00
5.850790257065887623e+00
6.950178501229646422e+00
5.808205060982408519e+00
5.944312043454525352e+00
5.836035439164628968e+00
5.752822455261470402e+00
6.204897689542235639e+00
7.239346215723307054e+00
5.541671591385822104e+00
6.101297801280295197e+00
6.232823125860976532e+00
5.591645873994369964e+00
6.279666864740208965e+00
5.957641410578401242e+00
5.826784440934837050e+00
5.588227456747302924e+00
6.087194219235264825e+00
5.604042639954238680e+00
6.656519985569229192e+00
