1.049312308159636764e+01
7.499326811523136627e+00
9.408524925012738294e+00
8.340910546254741931e+00
8.738416150686774131e+00
8.502427931509370040e+00
8.060000992508289386e+00
9.893047225709278081e+00
7.361342669752055201e+00
8.657629608648084840e+00
8.307879527095678895e+00
1.028314395223192079e+01
8.016138472286620242e+00
1.082546063548940296e+01
1.153998623561264480e+01
8.274190374767666611e+00
9.222356679625823617e+00
9.522785755354675530e+00
8.288707056976985399e+00
1.008602288346597575e+01
1.023798464417201437e+01
9.919922676465569467e+00
9.280274859235396079e+00
1.029860701605376327e+01
6.854711158559229744e+00
8.963483209282514963e+00
8.539631370843936864e+00
9.463356573188793419e+00
1.123098365858954928e+01
8.976840944433858382e+00
1.172307892148979214e+01
1.128702485507826836e+01
8.941545810034476460e+00
1.044502973280829750e+01
6.975072260021732973e+00
7.800990405507034708e+00
9.028128268829727077e+00
8.910545776804930540e+00
1.027860902004353250e+01
1.005172499791939700e+01
9.549973385510147850e+00
1.126003559501314299e+01
6.600889017563330796e+00
8.420285295719441621e+00
1.067098571875882129e+01
9.956115512990088234e+00
9.668087020023691025e+00
8.063441437326595462e+00
7.266749542567941589e+00
1.073146372518428926e+01
6.666964275740417278e+00
9.367434628647238526e+00
1.038661670827113781e+01
9.501901730128304635e+00
1.003695981687777383e+01
8.318214813912225836e+00
9.098303451404682107e+00
1.016752517930279964e+01
1.153327645657400780e+01
8.809922227207584555e+00
9.844259978723018278e+00
9.630025258160232582e+00
8.984787497041580195e+00
1.015199797875096266e+01
9.062552253573629812e+00
1.077706961846114631e+01
7.565609019767165044e+00
8.647339251994869969e+00
8.948637296722761647e+00
9.764577249715573615e+00
6.924221548224905654e+00
1.049718036330947157e+01
1.043452372552993879e+01
1.044919441291841800e+01
8.112681188593404258e+00
6.853357827946937597e+00
9.149171262084960787e+00
6.135737845526776368e+00
1.011051384172840351e+01
9.131640184330793275e+00
9.767137617013634809e+00
1.031151150348446066e+01
1.146579965057877004e+01
7.113981137479554739e+00
7.194896139792884782e+00
6.955997906906981498e+00
7.227480322983124594e+00
7.137425063905660672e+00
8.420713439184821070e+00
1.036860516383471520e+01
7.413882660136356328e+00
6.613963773438468863e+00
7.373794515976852537e+00
9.146279252385598468e+00
1.059224569124343596e+01
8.156533263294926783e+00
6.696933363206818868e+00
8.044963135210412730e+00
8.293604363168121552e+00
8.214086019180825815e+00
9.352654297630826008e+00
7.710549462618172534e+00
1.054823766855161438e+01
6.334401687061424369e+00
9.846558444649238240e+00
1.113163528528335888e+01
8.149359733829024677e+00
9.035847258914422753e+00
8.769614034533905311e+00
6.562218333254967284e+00
8.211273953306857720e+00
1.102055202107278298e+01
8.696954911092038998e+00
7.962308343766604679e+00
1.014937297205265843e+01
8.125096955282179678e+00
7.093003758394667457e+00
8.755246209838301041e+00
1.009300112051537290e+01
8.058566438536761467e+00
1.098141745957157767e+01
1.008177946622832977e+01
1.002454289585265634e+01
5.062108854181759376e+00
7.112775194094945519e+00
9.858931522165933714e+00
1.071102648488257714e+01
9.561636046141485323e+00
9.154738330961226467e+00
1.276096018839784740e+01
8.493514690773123377e+00
8.863900370201616141e+00
7.240618881692974185e+00
9.249697629211569350e+00
9.381097735133209881e+00
1.062410874289159501e+01
7.140390398849383757e+00
9.709036149921002945e+00
8.321322024986235633e+00
8.063717309607019601e+00
9.834650993738698332e+00
6.926905747975917294e+00
7.432271784466049525e+00
8.568694349277661715e+00
9.715702395443347683e+00
8.086841536130492614e+00
8.982217665110228566e+00
1.058765622252639460e+01
8.005116304592739596e+00
9.590322939991683171e+00
9.959433331225749697e+00
7.739338931788193321e+00
9.009776198071415720e+00
7.739431907826598511e+00
8.165468641783197867e+00
9.304640716396777478e+00
1.100629168349904141e+01
6.711632748125548886e+00
8.262183992302196245e+00
7.299173303658569978e+00
9.762553129797778340e+00
1.125124749555772219e+01
1.041557935737201390e+01
7.093082839949475193e+00
1.081795616559462125e+01
1.016478153955648267e+01
9.639475743902890414e+00
9.142521950511449447e+00
6.429538639475863349e+00
8.703841537993953992e+00
7.259455789201276765e+00
8.948323809296466536e+00
1.183614020385768129e+01
8.972031209584123701e+00
6.932454807579435219e+00
1.120398289338396758e+01
1.089905945803540632e+01
8.953654615795613836e+00
9.209698432105385635e+00
9.164209480499518889e+00
8.643925340194137164e+00
8.533186761869769654e+00
9.992579218656365114e+00
8.311460515298207952e+00
6.530110342177552596e+00
9.347663130649165097e+00
9.631753593018860471e+00
9.181503610201273702e+00
8.600195636473960903e+00
9.909976350712494053e+00
9.613967493814467247e+00
9.781708545371246899e+00
9.975244368975104692e+00
9.291134464335186749e+00
7.689886585801766650e+00
1.090374075312849556e+01
9.118732352699666421e+00
7.780991153724996501e+00
9.191789288756018195e+00
1.132485861147608652e+01
9.489781108711264679e+00
1.094962772943684470e+01
1.078726229250312940e+01
7.814570321773629757e+00
9.506487614902349392e+00
1.146941738307709535e+01
9.098622186812651336e+00
7.373672297416310251e+00
1.055993706105272523e+01
4.849687481796836508e+00
8.085772561017162019e+00
9.764129775102714959e+00
9.416969486176956394e+00
8.516991707684342217e+00
7.497707353341575676e+00
1.189866593357287528e+01
7.062449146497681518e+00
8.569958507416261639e+00
9.579311232841284607e+00
1.065264292303675653e+01
8.959961520650553624e+00
1.059264056829659495e+01
8.250059824817315146e+00
6.919797903995838162e+00
9.513902874957610223e+00
8.871260721503809066e+00
1.109810978201786824e+01
9.215953350992206694e+00
8.291780943398070036e+00
9.418131910025918430e+00
8.684265613275162110e+00
1.267815671061665483e+01
1.287163364542793076e+01
1.021208196704331783e+01
1.031630974119530642e+01
8.206892383545266512e+00
9.113116040675350860e+00
9.030349469979904953e+00
8.877695752469861645e+00
7.764465831522818107e+00
1.177386237466434871e+01
8.445636869705104743e+00
7.893609926282040945e+00
8.143618623026132042e+00
7.480792335715785057e+00
1.094352135941122661e+01
9.098445446390666547e+00
6.310670779480601844e+00
9.793950439422868470e+00
7.847239666007046921e+00
9.104381957899416733e+00
7.781018702818892407e+00
8.597488755791008685e+00
7.903316684431615613e+00
9.388681457938769626e+00
8.474545872106055810e+00
8.640564792289314511e+00
8.543317034061118420e+00
9.669260996331479063e+00
1.153358392093396212e+01
8.523074780577731602e+00
7.611560204173539290e+00
1.143198919506248856e+01
6.392325054429299769e+00
7.445209411786610332e+00
7.675152733792597104e+00
1.283328223992222661e+01
8.824173587593277190e+00
9.026201641859898928e+00
1.041640928798273080e+01
9.191451224005886544e+00
9.069478424602912980e+00
6.180171347232988666e+00
5.941555780287291810e+00
1.080669377735662096e+01
7.802515564974045859e+00
7.583393009517660488e+00
1.049345449139005204e+01
8.741540838837050131e+00
1.051367181025176478e+01
8.482922618975287321e+00
7.105142529484508529e+00
9.455638106537612941e+00
8.800958753084037411e+00
1.008252422799372816e+01
6.120580304587102560e+00
8.610353616055968828e+00
8.304390873601862566e+00
6.727238028025595895e+00
6.985776755074759592e+00
8.584221786216319927e+00
1.003491815160243128e+01
9.298166442761695905e+00
6.842117786959747150e+00
7.199450804114260194e+00
1.146689476293804688e+01
1.018641893150457278e+01
8.284116067213593837e+00
6.405397400839449418e+00
1.070900039754630484e+01
8.096646879817892994e+00
8.231675482683009193e+00
1.005102132944854532e+01
1.097427628329360338e+01
8.958886504420787489e+00
1.063659653343754208e+01
8.685207613566802820e+00
8.650199232937534788e+00
8.667630192358336316e+00
1.231666187294148784e+01
1.211623740474500721e+01
1.054616142140479695e+01
1.146174888149094784e+01
1.167687496391747892e+01
1.066329016327220813e+01
9.299028158702665081e+00
9.320278597859994463e+00
1.062855256168604612e+01
7.209392148358639396e+00
7.711290318523169596e+00
8.167017306370015106e+00
1.043681592495810584e+01
7.821781008916641298e+00
9.303595416519792494e+00
1.054822774018359155e+01
7.285321794809651585e+00
9.152071551287830786e+00
6.840405476865601742e+00
7.009494546972400819e+00
6.518178446287855365e+00
1.023931421650009099e+01
1.049278726198047629e+01
6.791094516515833845e+00
7.985403299462160653e+00
1.024950767143678476e+01
6.614230233032289519e+00
8.505620545484697814e+00
9.413518203269321205e+00
8.677512896033322320e+00
6.415777889080805707e+00
7.180621084428110201e+00
1.014942477602479087e+01
8.578782364606686528e+00
7.726953300968288474e+00
8.523476923371879010e+00
7.220884017198185845e+00
9.734749835632953818e+00
6.570378500614018513e+00
8.649290225308506663e+00
1.034276242311107907e+01
7.621800872682475969e+00
1.006108358566448935e+01
1.041659845231373005e+01
9.103470801498504628e+00
9.808379390841862389e+00
8.115892584274389421e+00
8.220807627581438126e+00
8.734577608835353502e+00
6.630574979547146697e+00
1.107103336746216016e+01
7.939980841675677858e+00
1.156527355065236407e+01
1.007821032507310655e+01
1.046746646000863912e+01
1.068512117488122826e+01
9.490696610738313055e+00
9.745188109573593493e+00
9.585273892596280376e+00
8.751735964770890774e+00
8.817523170203134697e+00
9.675134368467615431e+00
9.109695306285548355e+00
8.348902969904525406e+00
7.778139644104341777e+00
5.800725993316220297e+00
9.160184446679604520e+00
1.003067245628437831e+01
8.943216482185889049e+00
9.922200173678863422e+00
6.750030176534430382e+00
9.936680788224411032e+00
1.237533683898444004e+01
9.616330543624446392e+00
8.742334613670010413e+00
7.989213815428144017e+00
9.721205425587982063e+00
8.600737353198772084e+00
8.440151729067068231e+00
8.346691591701908663e+00
6.763889543989439979e+00
9.695271360584836629e+00
9.767904826571456312e+00
1.104086429999390973e+01
9.300112366764818006e+00
7.880771899160558647e+00
8.902485102307942100e+00
8.971793897448113952e+00
6.772253260688986032e+00
9.791858177922641460e+00
8.343234863641308507e+00
1.121043845075781675e+01
8.677303073985854098e+00
9.392203452655708773e+00
5.435575801350952752e+00
8.892953440186403213e+00
9.986284914838019944e+00
1.075884810608939013e+01
1.176946177853379538e+01
5.900357443728223572e+00
8.556231060580214987e+00
9.603077418242303764e+00
9.377526515946657426e+00
9.986453371887769492e+00
8.263176668631150079e+00
9.958014523887140257e+00
9.940083818236903568e+00
1.003330542615656640e+01
9.396913199772429337e+00
1.006139074226053332e+01
8.509349908332536572e+00
9.352256105889011906e+00
1.049935655474822127e+01
7.050904967248708743e+00
7.675938417575808081e+00
1.028314253022861813e+01
9.018248005023242087e+00
7.177781978518918748e+00
9.601636213593760516e+00
9.650186100239269038e+00
9.622487008236676687e+00
1.096161184693191970e+01
1.051049882926153600e+01
8.183113953427179510e+00
7.546247467116232066e+00
1.092835676951424162e+01
9.668662201174663906e+00
1.068703470179059778e+01
8.595161535533826225e+00
7.062202308793292360e+00
7.722472286201468528e+00
8.833625151661436803e+00
7.355264743794205806e+00
1.136783387427812286e+01
5.025329278622290730e+00
8.298861168641430197e+00
9.547559515994699098e+00
8.215341729521806968e+00
8.948643848109995247e+00
8.168129893064659086e+00
9.078610564591370391e+00
8.098565465690944265e+00
8.239101216991823406e+00
8.991920370856531619e+00
8.885497848287990053e+00
7.922156859057097655e+00
9.412432145254975069e+00
8.683771975098112605e+00
1.013856627902977969e+01
9.861470342477506534e+00
8.292474914896500238e+00
8.122400852449693787e+00
9.889704318739457989e+00
7.958383840327440950e+00
9.375320184932350642e+00
8.963195875565439508e+00
8.320313757498590590e+00
8.231503795358694475e+00
7.575681269731134648e+00
7.958328203806447121e+00
9.254170921015765217e+00
9.879356526584686549e+00
7.722963526985555660e+00
1.038574780187133584e+01
8.610794037958248381e+00
1.084909858006704475e+01
9.200066950982014546e+00
8.854262231918378134e+00
7.832153721034083027e+00
9.477094366937379277e+00
6.458067633425829790e+00
9.711055739056799752e+00
7.754125405621763889e+00
1.196275715508220649e+01
1.103600392498090699e+01
8.251517589266017083e+00
1.302288515401368940e+01
8.132245441659719631e+00
5.717064034143088946e+00
9.303301743848827243e+00
7.932632474651247989e+00
9.683230000907926183e+00
9.013625653722730391e+00
7.274627519345045812e+00
8.212028926449034927e+00
7.060815483905713563e+00
6.990228910963500297e+00
1.165321223194359135e+01
1.050301791908199966e+01
7.061832646048765483e+00
8.716374415338094650e+00
1.089678581834142257e+01
7.812928789755254400e+00
7.206536519844004118e+00
1.126828941374023429e+01
7.584808133122258766e+00
8.641947043979476106e+00
1.049609974545794167e+01
8.339591729072093784e+00
7.795880852935268557e+00
7.654667601654574938e+00
1.014793813351526275e+01
9.827865680766787904e+00
9.648328200882158256e+00
8.944450863981005639e+00
1.072185630442123205e+01
8.616228375731820321e+00
9.683925875563785368e+00
7.929662214541809639e+00
8.348945233898950491e+00
7.347829904877238860e+00
6.002852637684385151e+00
8.211502791303376014e+00
9.527241917298711726e+00
8.786901594370633006e+00
1.100906437325066278e+01
1.045354493570237508e+01
1.012481331679352614e+01
8.904264071421486904e+00
7.356979564473641986e+00
7.352484139154952913e+00
8.316912027157718157e+00
6.870904831179769801e+00
9.101586134675056172e+00
8.674071101055186972e+00
7.864092700232527378e+00
1.105725873621843292e+01
7.721785101642265836e+00
7.464700090068193461e+00
7.094751144366264306e+00
8.098725215944666544e+00
9.590839206129663452e+00
9.191032094275666253e+00
1.137939401044920906e+01
1.125743119855837016e+01
8.921478855149835852e+00
7.459745362986211603e+00
8.120051825679901469e+00
7.722454384754014356e+00
1.027757887089343569e+01
9.212565013756494281e+00
8.029674445834031005e+00
1.118298326815456534e+01
6.009458361581997643e+00
1.107269442056735897e+01
9.769283404189160080e+00
9.344357485000749364e+00
6.703658140520519559e+00
1.105830085876243096e+01
8.551410917773408116e+00
9.692723539336228100e+00
1.051910092231484839e+01
7.018849991473219418e+00
7.224330357167794148e+00
1.081928785705314411e+01
8.201932474085891656e+00
8.591824393842815155e+00
1.010153704711277101e+01
1.048110854866253305e+01
8.657798367961676789e+00
8.516250891154435010e+00
1.047578513569184189e+01
9.171248945293307031e+00
8.476739379699075982e+00
7.578455202019443782e+00
7.877688991565976906e+00
1.115678596297638592e+01
8.961936218175209135e+00
9.169660695249936211e+00
9.934870441861173518e+00
1.138998376471120011e+01
1.037583035591231351e+01
8.875614582971850908e+00
9.058774085523017661e+00
5.738447895924230657e+00
1.189957791029136658e+01
1.055568160675904110e+01
1.160184382988322582e+01
6.077193635272903904e+00
9.508746968970800850e+00
7.716769265063871508e+00
8.431089977759663512e+00
1.068828908764540131e+01
1.023168022530096621e+01
1.153926759203420715e+01
7.964728105041848139e+00
7.404337383782415571e+00
1.067028743863451190e+01
9.255900676268044691e+00
1.123855735038385006e+01
9.455806923824281895e+00
6.604211450380645942e+00
9.534917200354374955e+00
8.746026736886589603e+00
7.544049379611965200e+00
9.491068198112740717e+00
9.931763327996316448e+00
7.743695478687564027e+00
9.362849903887326519e+00
8.096072596024885826e+00
9.960445747050156839e+00
8.362794050311086025e+00
7.917404356709877078e+00
8.662659300105429949e+00
8.811427430105512215e+00
7.982897011117496611e+00
7.830374883467790426e+00
7.270605598039579398e+00
9.046776380277192331e+00
7.194672936782325223e+00
9.729589825637896539e+00
8.388830218833801311e+00
9.379764997288123851e+00
6.871200918196315399e+00
9.203299230957568966e+00
8.878886106433469649e+00
8.608006810142059706e+00
8.355832320247387202e+00
9.017693014431284126e+00
9.515577069688362144e+00
1.042226032963786331e+01
8.195778477258366834e+00
9.890826757850522455e+00
9.184679942663978025e+00
7.613052628917486686e+00
8.646718136967635360e+00
7.782024834730416174e+00
9.470591306723513014e+00
8.627148311586502416e+00
1.137120477885191150e+01
8.967955970500652185e+00
9.214164819482437707e+00
7.884463579805792932e+00
7.362080219112876023e+00
8.878755714114619835e+00
7.457547255568732325e+00
5.506176757615749651e+00
9.905140038206505793e+00
8.204421578047321972e+00
1.007831142068728170e+01
1.137338749746655253e+01
8.668398564233447345e+00
1.052917706359483496e+01
8.193307554146755933e+00
8.286023564397337893e+00
1.116625858330378662e+01
8.100762807933394427e+00
9.909546114056828614e+00
9.887334364598510561e+00
1.173064811192529788e+01
8.925368807349789435e+00
9.158008274519957581e+00
8.287539341184556818e+00
8.514625926437711101e+00
9.094666518214914674e+00
8.226417997345132349e+00
7.879839305704626540e+00
9.438008377513327218e+00
8.628158196886481335e+00
1.076117171290348651e+01
8.532811888014901314e+00
8.950661760162216041e+00
1.014781758722720539e+01
1.118736558565607453e+01
9.696663943463564195e+00
6.563430340452109490e+00
7.529297754537680021e+00
1.124532533615916918e+01
8.769197011557809063e+00
9.483452352713676703e+00
1.027682680504146973e+01
8.768878921067550181e+00
9.213673480514630754e+00
8.996037725268633878e+00
1.019031276084716886e+01
1.271191512429856019e+01
7.590003574196447111e+00
1.124334538050857546e+01
8.156247371778725608e+00
7.876718549785524992e+00
7.759951351080978554e+00
9.859634565455420940e+00
1.084723300869259965e+01
9.015351156831561852e+00
7.161669731282938045e+00
8.609389937814139415e+00
8.708757896865726877e+00
8.945413980890966954e+00
7.436686811925463658e+00
9.510583616418619712e+00
9.409499141554123369e+00
7.695598225548348381e+00
8.058374716266701654e+00
1.074110135480593797e+01
7.501515218152357889e+00
8.577192368636898934e+00
8.385930393823892715e+00
1.214060170782715709e+01
8.045299167516674288e+00
8.200727995831835315e+00
7.892077460913636600e+00
1.008598611470307027e+01
9.574697365306381158e+00
1.076977276516657156e+01
9.360013071224946302e+00
9.622516964852009025e+00
1.012662012754909924e+01
8.618488586976891241e+00
8.185232637101229614e+00
1.091850404675126462e+01
7.778870910413150597e+00
9.408652221551047745e+00
9.299137267380674032e+00
1.037737082796863675e+01
5.167985712873213622e+00
8.649222258550416598e+00
1.007208684954006195e+01
8.440702307604624366e+00
9.154201702967762699e+00
1.010662868743773757e+01
7.299084102011613950e+00
9.687481216843176313e+00
8.001600679951975437e+00
8.209957241515013493e+00
8.042591231364342619e+00
8.925349364444382871e+00
9.758265215235429224e+00
9.730665705360387108e+00
9.374602308567139275e+00
6.582466831080523662e+00
9.065953327616689705e+00
8.449326488503302812e+00
7.879056503360161834e+00
8.252703181177196257e+00
8.225311240088268860e+00
7.186917948157457658e+00
8.837506130602941212e+00
7.786463420587377726e+00
1.061621237419696051e+01
6.055684492177560330e+00
1.152692136324678529e+01
9.114560568989020339e+00
8.500498192398078245e+00
8.645895144708649838e+00
7.570619165400578332e+00
1.016851304825059188e+01
6.909386794942001586e+00
8.023438193111077865e+00
8.541717853040820430e+00
1.016465730507728615e+01
8.211531718993219542e+00
7.675472533406386688e+00
8.890595690697605136e+00
6.790387670534443032e+00
8.329005196020595747e+00
8.686212996014749166e+00
6.641679889923336688e+00
8.829121740192977796e+00
8.205907941093514069e+00
9.768677715386091975e+00
8.009236397489772230e+00
7.996850962475923197e+00
9.257104217009981539e+00
1.057627907109965193e+01
6.869270649741345380e+00
8.406636594597113543e+00
5.633030421563798740e+00
6.783591054228837791e+00
8.445379772442477062e+00
8.310583165600680999e+00
8.140259070465688751e+00
9.772197536789340333e+00
8.293466039644922461e+00
1.049896644493424525e+01
7.845700972640930360e+00
1.136364758920427498e+01
1.213260898622083772e+01
8.325958063849840940e+00
1.157119962640265776e+01
8.499256056231118350e+00
8.584935786321448603e+00
8.823231842987521389e+00
1.024051810451343414e+01
7.986924737342496528e+00
9.028698593095549896e+00
9.326750111674398269e+00
9.732360064884826301e+00
8.616401871192122641e+00
6.769304943586995194e+00
8.011128566322563316e+00
9.496328766281589395e+00
6.325595065377759063e+00
9.153828899745386494e+00
1.071271542248441477e+01
1.045794435968240421e+01
1.051507872217802841e+01
9.931911003422319695e+00
8.843469872364583040e+00
8.067193315393579311e+00
1.114213129641120403e+01
9.155720999927464021e+00
6.939528659040828273e+00
1.106659661499010205e+01
9.455894605118729146e+00
9.942677373630578685e+00
9.819418734209218513e+00
9.493846123990518748e+00
6.214806935249912456e+00
7.925062277342338923e+00
1.129022363029303122e+01
1.009693692546847466e+01
7.374648990081016819e+00
9.035745140393613539e+00
8.737635877572826004e+00
8.867286921923833276e+00
1.065026093513074557e+01
9.266125095657585575e+00
8.083815899737174959e+00
9.327117555533902760e+00
7.244530132846457526e+00
8.492631785524050514e+00
1.038152243931457974e+01
1.044345131649770053e+01
9.644141885881222009e+00
1.086431987644387043e+01
8.789213954006557472e+00
6.914808905611494971e+00
7.330989362637862605e+00
1.048354671240049996e+01
6.944686227855720873e+00
1.058273417268492800e+01
9.832112096699132664e+00
9.565151829223681901e+00
8.218980979898663719e+00
1.117155058267355727e+01
1.075608829452777115e+01
9.197175169781369064e+00
8.602010044016081380e+00
1.014989575250286080e+01
6.652413440342206385e+00
5.111328300802290059e+00
9.999992901568177217e+00
9.814241137388814096e+00
9.613513707064662128e+00
1.089619501000496626e+01
7.960104511479831224e+00
1.007016991627775582e+01
6.882711428793870212e+00
9.255637841561068058e+00
8.613617931749791623e+00
8.362660187117324284e+00
8.297813751225943335e+00
7.755201251750018621e+00
1.109117915300350532e+01
9.510261240357618107e+00
8.985212644875096188e+00
8.324468973395740434e+00
9.751225187406003414e+00
8.821099678616995732e+00
8.981777113869878093e+00
9.174858949053659174e+00
7.841926307724252254e+00
9.334441762106456153e+00
8.868501635847261255e+00
8.784576277119032994e+00
1.066951027065211299e+01
1.221967091546078876e+01
8.817629814986879921e+00
9.645568371848037614e+00
6.937189650958478282e+00
7.591089925954385365e+00
9.575584696983090893e+00
8.229117232328034603e+00
9.625040653607189967e+00
1.051624311266879985e+01
1.148178861840210097e+01
6.925505593018890238e+00
7.751793812490803681e+00
8.477758150228975609e+00
9.065975168897143277e+00
8.627850001712786820e+00
6.053702273056314809e+00
8.123964685640059358e+00
1.076441327241684753e+01
8.211049077587883716e+00
9.437499681772314020e+00
9.557168525492821587e+00
8.844463075346991943e+00
9.075839823490408520e+00
1.053108733313059453e+01
7.212784740488728197e+00
6.292297362467752286e+00
8.745951572285973086e+00
9.323425948054280710e+00
7.485006715726509441e+00
7.382657492213009931e+00
1.013493138595848286e+01
1.008384037716922776e+01
1.018912133832197142e+01
9.602362682593369669e+00
9.883028048339868477e+00
9.676052691627715419e+00
6.182522237645879493e+00
6.599306932571303186e+00
8.493509197600056737e+00
7.693829876907267717e+00
7.470239677770591058e+00
7.907943365147895420e+00
1.132804794365531009e+01
7.640288993661465966e+00
7.946761408912490943e+00
9.975362900844626068e+00
9.291457266532205495e+00
1.035724410479271818e+01
6.922601857847499929e+00
8.678398399109363837e+00
8.828981121832281787e+00
7.477350600058110253e+00
1.020578249952583505e+01
1.086409636853604965e+01
1.171696616033942107e+01
1.018109342314693144e+01
6.829447471780188295e+00
7.423236500065536703e+00
6.443767492030431754e+00
7.797889423485875326e+00
8.999487773261261481e+00
1.113644910925071585e+01
5.985531053846955274e+00
1.143302768468895536e+01
1.072640633983461456e+01
7.384229850700670283e+00
9.370185988302797142e+00
4.105042062651518719e+00
7.957130811263623649e+00
7.681992913254622302e+00
9.257819877596688229e+00
7.578965362897614355e+00
1.077129551061320534e+01
7.548912350712106978e+00
8.182963423874396014e+00
1.230345836025045259e+01
8.118510358531187521e+00
7.721202459298092791e+00
7.571884749890045008e+00
9.974231405635427095e+00
1.005835983771396158e+01
9.938947747180302272e+00
9.468775082897968431e+00
8.450306818615516136e+00
8.861167986822511722e+00
6.933835749240801150e+00
8.164584336807505949e+00
7.060844232520372188e+00
7.256570453987086111e+00
7.193422834848474778e+00
8.770173381855695283e+00
9.543640209761157678e+00
9.419574790681760845e+00
1.080865755809881712e+01
7.293109052746639343e+00
6.115032034937748939e+00
9.996517030514397106e+00
9.495816361493286450e+00
8.969924320840624077e+00
9.295353841038355824e+00
7.055619069485857153e+00
8.114716099383162629e+00
8.352462679010271174e+00
6.163562694545460019e+00
8.021600741179819138e+00
7.845914373437591571e+00
9.946512755133618100e+00
7.304214480757678984e+00
1.103396834992046394e+01
7.441972544466012529e+00
8.023513599984971378e+00
7.233276332837692557e+00
9.570151533025693880e+00
9.624479139829480445e+00
8.131204167407867445e+00
6.744334327740419077e+00
7.666165357980895934e+00
7.901856775069728833e+00
6.715179787681096357e+00
7.717662777513529804e+00
9.219102406896661606e+00
9.114243923646160539e+00
7.759747879130154402e+00
8.907631429434600179e+00
8.252541030739379835e+00
