9.530426510204447865e+00
9.039416048254759417e+00
8.555730485614727598e+00
8.243768203272290762e+00
9.335311708716817591e+00
9.120068276677033126e+00
8.946593318597816591e+00
8.849975278150660429e+00
8.917295255304468427e+00
8.614717834940398333e+00
9.603785549512094732e+00
9.562767048613773468e+00
8.778748010703550264e+00
8.420686223181952812e+00
9.903696891403898306e+00
8.215667278186431943e+00
7.998120409374642747e+00
9.076445150950275931e+00
8.611684409813214813e+00
7.812243215041304367e+00
9.142378662712564719e+00
9.036013978326813856e+00
8.766283354211580559e+00
8.318253437929842065e+00
8.777919134078059571e+00
9.351764580985671316e+00
9.194992192342194670e+00
8.933767529822267406e+00
9.221475273883903867e+00
8.966370254277599372e+00
9.218566545643209764e+00
8.778736709385102088e+00
9.040284155754351403e+00
9.350266518904859936e+00
9.511642129507835719e+00
9.377356937811409665e+00
9.312776604728895791e+00
9.505231935278404265e+00
8.580783223326069020e+00
9.348077710332304946e+00
8.685260656867500373e+00
8.842860101085395996e+00
8.822745108929643365e+00
9.875383067136231929e+00
8.424302091820353056e+00
9.212805474592796529e+00
9.461336802854097172e+00
1.017691144664980918e+01
8.805687915689549783e+00
8.591740333961041642e+00
7.775425021811395609e+00
8.411276244707156735e+00
9.368499131884837183e+00
8.410589481079769669e+00
9.220002233789905688e+00
8.148486627314580844e+00
8.661871875996427050e+00
9.013305259358746824e+00
9.343541078804623368e+00
8.965003135377958898e+00
9.328845743892586029e+00
9.243493070682495372e+00
9.647663825910457902e+00
8.914897861242929267e+00
1.031299400910349995e+01
8.678129808354555053e+00
9.488461751044958703e+00
9.038616064269529460e+00
8.638125303343052508e+00
7.570516954377939811e+00
9.073201253754438866e+00
9.797028175751293588e+00
9.402554541933326959e+00
8.837581972740006009e+00
8.731270439200311984e+00
9.353970768340680308e+00
8.562896521564761443e+00
8.436056208671372403e+00
1.008721215722718512e+01
9.894117660707916428e+00
9.110603085312252603e+00
8.809807250891619645e+00
9.482016247665683295e+00
9.496356180478727538e+00
9.272310874864594155e+00
9.667003203352923180e+00
9.332495027449239089e+00
9.501214810378545650e+00
9.726868834867667957e+00
9.715617597020946405e+00
9.073243054329701351e+00
9.542849776428928621e+00
7.794848024359273708e+00
8.672520557350475556e+00
8.502139611593339197e+00
9.551589555748643434e+00
8.712385928394516199e+00
9.091814494681482728e+00
8.977333209384186219e+00
9.940646994381941326e+00
8.965406324740774480e+00
8.910160195688840545e+00
8.974110142461549700e+00
8.735026551266454220e+00
8.945760065668855177e+00
7.721192860248676126e+00
8.847102267939874309e+00
8.825620518547875548e+00
9.035819676234194020e+00
8.186241757625673188e+00
1.002267774483689422e+01
9.309660241668822778e+00
8.585368736059363570e+00
9.401707116761977900e+00
9.632010705381130578e+00
9.148841718214383079e+00
9.586888184837341953e+00
9.044416769368931242e+00
8.350967307465614553e+00
8.695592914600002388e+00
9.701816870071461096e+00
8.249142996688542340e+00
9.239977295149145675e+00
8.844288472721277827e+00
9.211437020973667344e+00
9.284381202883327688e+00
9.144297903432040187e+00
9.672163580652272330e+00
8.263703235837750682e+00
9.061279699791585429e+00
9.419579963278929213e+00
8.959342981415193918e+00
8.809261520143932600e+00
9.815084148765278016e+00
9.332781775142878544e+00
8.450512737318243595e+00
1.036335122222091698e+01
8.854173673729391680e+00
9.082343119715799773e+00
8.738269291001676820e+00
9.546797625700943257e+00
8.670107098287271441e+00
9.500571662274520435e+00
8.976625437767157933e+00
8.706145157310727356e+00
9.487825093354368633e+00
8.056005486009844674e+00
8.421987417118375063e+00
8.800953836937441821e+00
9.136626643731753816e+00
8.503609623630916658e+00
8.566882664333498099e+00
9.547708390300611470e+00
9.510127028746076405e+00
9.137533744516877832e+00
9.019138179269482691e+00
9.358083293061126184e+00
9.047595267922726947e+00
9.204022075937382752e+00
9.437790065583213206e+00
8.268566575632817717e+00
8.361509271926216513e+00
9.364183208444856632e+00
8.926478382125438316e+00
8.361119144040651818e+00
9.093234493217204673e+00
8.456294529742489630e+00
9.407761559903107695e+00
9.247694263855949615e+00
9.065221587025957817e+00
9.403317782924650814e+00
9.704353323894817862e+00
9.078995024387594981e+00
9.877675222812413836e+00
7.668651545283746707e+00
8.869516786653742102e+00
9.550455501900120936e+00
9.686267853852566390e+00
8.825415390933562421e+00
9.100285595537263461e+00
8.296625091722038547e+00
8.909626924105049639e+00
9.447158792211535427e+00
1.038951248891507717e+01
9.374309282010619526e+00
9.979532079332226857e+00
8.681745301230039402e+00
8.652863867237046591e+00
9.026387543390997692e+00
9.462350644086889417e+00
8.565791084906797082e+00
8.674978522969064798e+00
8.944368052879658748e+00
8.696791167865979943e+00
8.719143138663843828e+00
8.464216782625143765e+00
9.454122101209446072e+00
9.101913044650000728e+00
9.100297231034947032e+00
9.044501807374468072e+00
9.325228645202658484e+00
9.133292002196371939e+00
9.418508094522367813e+00
9.120882525315867184e+00
9.398838051824546014e+00
9.061481803649588329e+00
9.325310298649039709e+00
8.070942178076881746e+00
8.871161145873077913e+00
9.672929027050686912e+00
8.666608606342013132e+00
9.093836430723719388e+00
8.286124088799025955e+00
8.983142254594158160e+00
9.226077096244878817e+00
9.059040489370552507e+00
9.329657019489115299e+00
9.003924852800158973e+00
8.192008706535213847e+00
8.978048790848601968e+00
9.064188156993779444e+00
8.638399394823938593e+00
9.044814124203925942e+00
8.673815136735525400e+00
8.388285925545428512e+00
9.180712225029596496e+00
8.952581838614598553e+00
9.238771616673504994e+00
8.064173631187237845e+00
9.154430930880922190e+00
8.472364532814999905e+00
8.455955996738778069e+00
9.475116690942360975e+00
9.263872794982557224e+00
9.502570845318922821e+00
9.241196671809627006e+00
8.878461740147599812e+00
8.893731059008732842e+00
8.396938595429570995e+00
8.986949887420543348e+00
9.370057262304573698e+00
9.317124506316639909e+00
8.557351490801899274e+00
9.550128023914490782e+00
8.109710078698629587e+00
8.573620268297311497e+00
8.812058456442478871e+00
8.026641595151490449e+00
8.570682618243926854e+00
8.972690417298288423e+00
8.683869847683713061e+00
9.761493904068769822e+00
1.000706494095681443e+01
9.468517417077304543e+00
9.573673195806682301e+00
9.108371456027731128e+00
9.167868509347931294e+00
8.381900784784178882e+00
8.334520833359784220e+00
8.767344636876234887e+00
8.795783363662867060e+00
9.347409640503268946e+00
8.865445222986311435e+00
9.257973746197144749e+00
8.555218318382223686e+00
9.223128124131431349e+00
9.801860130049357522e+00
9.418440578543917141e+00
8.465691492862486456e+00
9.187140162942295518e+00
9.593256902262019992e+00
9.770445186451901520e+00
9.519288931933242992e+00
8.686052086580732023e+00
9.289484551049836725e+00
9.248674097329033117e+00
8.892018039117187911e+00
8.288817004102073227e+00
9.129683359958907118e+00
8.987210388028309183e+00
9.284327705604155767e+00
9.297105802685404541e+00
8.786120487653866107e+00
8.818763128467585588e+00
9.877657434137258718e+00
9.541457254952094402e+00
8.729468176945863078e+00
9.107752354217126367e+00
8.529947539307192628e+00
9.053750482984739278e+00
9.089692704735352180e+00
8.843402695498991051e+00
8.969567006693910827e+00
8.933258177055153126e+00
9.318480532957469364e+00
8.524293851768717900e+00
8.987572798497598825e+00
8.350097592695433946e+00
8.979327266865706036e+00
9.917312024804841641e+00
8.216305080914697356e+00
9.449299918929503050e+00
9.897372746591125647e+00
9.116613097874418870e+00
8.059352328715183589e+00
9.255653929410691205e+00
9.192727231823981882e+00
9.240018640466560740e+00
1.044828822653627043e+01
9.553306433341610671e+00
9.096906722267540601e+00
9.587200972732384585e+00
9.536623009096892645e+00
8.940389809759775375e+00
8.315235583594555280e+00
9.533866499851756160e+00
8.518559867208942649e+00
8.803961684433247115e+00
9.482018747679914483e+00
9.184371175523200037e+00
8.237491822843377776e+00
7.913359598566657382e+00
7.876814610046862342e+00
8.531448986194684281e+00
9.570201291874653293e+00
7.939857574893302683e+00
8.743160070279992979e+00
9.665490288464601676e+00
9.393489244794990256e+00
8.857929289322740374e+00
9.554476208557691308e+00
8.540530124877616203e+00
8.958892108513039076e+00
9.031204480216603159e+00
9.016341884279979624e+00
8.631377664105080783e+00
9.330613749710719773e+00
9.124001621277558982e+00
8.742916579255121334e+00
9.653983182638127047e+00
9.807458331638425619e+00
8.576649757835943078e+00
9.437698719661764102e+00
8.630694120448991313e+00
8.987424804487945451e+00
9.067070201749029223e+00
8.376512098179887289e+00
8.116809599410769849e+00
8.694021774970368099e+00
9.412565423490942607e+00
7.659602263287379031e+00
9.281958648414883939e+00
1.089861764476057893e+01
9.474242987894857748e+00
8.752787547916348387e+00
9.012002835850202231e+00
9.076563726676230459e+00
8.813358619656050053e+00
8.729034551553210619e+00
9.069710847670963361e+00
8.617555741818392789e+00
8.205057366867301027e+00
8.762815051139678957e+00
8.073797686579085919e+00
8.195608070220377073e+00
8.543611812440531139e+00
8.316411115829172473e+00
9.647506576247501187e+00
8.589981122264839897e+00
8.818548233674706083e+00
9.285801118032802393e+00
1.034921708450232991e+01
9.527680488335441567e+00
9.091839655959986999e+00
9.088274600055560981e+00
8.593577411887993733e+00
8.087666422699731683e+00
1.013727581105322884e+01
9.122626736685718996e+00
8.963414267591177875e+00
9.599829271787911011e+00
8.602721732240011576e+00
7.971318672215856438e+00
9.536127316299426226e+00
9.228066317525421169e+00
8.407278493764671623e+00
8.480351585753140853e+00
9.260644754223218200e+00
8.256889156543074648e+00
8.933360151396987803e+00
8.829139300830521009e+00
8.023851897636344432e+00
9.422493980132532698e+00
9.451609852708287463e+00
9.703299451069849368e+00
9.133784220092385553e+00
9.003382481639489399e+00
8.856405035562847416e+00
9.242468687098822855e+00
9.322669329682110373e+00
9.275340299829762714e+00
8.846084704666614229e+00
8.359460003650481141e+00
8.896544274686464249e+00
8.006221820949271262e+00
8.432729428559307294e+00
9.174871045001770753e+00
9.019888192448068054e+00
9.609730378104888615e+00
9.568959860420823915e+00
9.057039514079333387e+00
8.432028032650185523e+00
8.734004359068283208e+00
9.514982740962524943e+00
8.741604019468661946e+00
9.813480987008034617e+00
8.596095273032846151e+00
8.941583143377755505e+00
8.585147977831930177e+00
9.729470842868579439e+00
9.190170407888931692e+00
8.739296835571424893e+00
8.805018649165655020e+00
1.023094474373610474e+01
8.808306535544756954e+00
8.522505678435642551e+00
8.138034267330203519e+00
1.030409783190980022e+01
9.446519550309847801e+00
8.394605370852277204e+00
8.861789797946437730e+00
7.667846253987963046e+00
9.867438557757223450e+00
8.972099765236018598e+00
8.553433894484120614e+00
8.313204695932800092e+00
7.855295981169576613e+00
9.117189260831763065e+00
8.442030495158322267e+00
9.133193587752787224e+00
8.998377901399875256e+00
8.950008973000507240e+00
8.167638550661889596e+00
9.326300717663388085e+00
9.547000088359407499e+00
8.547840102429146825e+00
9.499823026157624639e+00
8.941734858576717571e+00
9.010718853561165531e+00
8.079915422473117559e+00
9.123824559910627130e+00
8.703788279988604160e+00
8.635439769071982852e+00
8.758033303528092617e+00
9.115824820255440386e+00
9.948789774537388553e+00
9.819558176654449966e+00
9.055890101042948004e+00
9.172861613368592515e+00
8.796233168216142317e+00
9.622838234855827011e+00
9.526265863339451911e+00
7.605933299107783263e+00
8.984584525244686759e+00
9.205856664735618367e+00
8.418946411023771503e+00
9.482340834217868775e+00
9.218283383312170898e+00
8.261706306491067409e+00
8.823303761780742605e+00
9.151446580249638529e+00
9.314953708027928769e+00
8.313355914540698777e+00
9.705683217335320023e+00
8.441095269150906688e+00
8.492942045435173171e+00
8.535305462545254684e+00
8.802893406062427317e+00
9.830330356493835353e+00
8.393863741405487744e+00
8.937616505090979047e+00
9.507225680548696545e+00
9.049963093020682692e+00
9.093206172629310302e+00
9.478392124661986884e+00
8.991283652648910163e+00
8.659703011699544817e+00
8.488704788300189819e+00
8.849053567532655151e+00
8.829737060517453884e+00
9.052775204171608081e+00
8.500277670690941534e+00
9.619016050515087457e+00
9.264090460071399136e+00
9.261089744558494985e+00
8.663125907617505561e+00
9.580479941989361592e+00
8.461241588578312545e+00
8.588114391949062565e+00
8.987267513191794066e+00
8.858294914582259594e+00
9.557388723707894940e+00
8.560772917324225517e+00
8.983800685035062017e+00
8.251443920384097908e+00
9.509511482695003792e+00
8.579809069131236754e+00
9.849183606406594294e+00
9.176380943877331831e+00
9.741031674501380522e+00
8.930048924144646350e+00
8.156118681292738870e+00
9.389294269655906078e+00
9.076629322819574242e+00
8.336997076452801636e+00
8.258549477211216683e+00
8.622773788231581804e+00
8.450174914242538193e+00
9.038492870201796592e+00
9.574253414447994714e+00
9.836470117936178426e+00
9.690465443820736269e+00
8.420247012353472726e+00
1.003288087085586966e+01
8.457707230732447456e+00
9.436064241488740123e+00
8.091060198300491280e+00
9.632356363320537795e+00
8.969279828931050247e+00
9.070877944455798314e+00
9.136783517988321890e+00
8.375090667244993625e+00
9.088804820017916342e+00
9.028346004348501097e+00
8.678153842302540610e+00
9.463433047371474061e+00
9.248435550413971029e+00
8.456990394165718072e+00
9.676519526322817200e+00
9.088967727384968498e+00
8.994616855004084144e+00
1.001677713724377838e+01
8.792410688881174607e+00
9.389180974208235497e+00
9.473672263595529941e+00
8.877780662076009577e+00
8.963414487967471089e+00
9.000951778284640881e+00
9.334757333605937291e+00
8.178530303855570338e+00
9.495584997729382692e+00
8.870431734786778932e+00
8.625992660179420568e+00
9.280667130564085099e+00
8.506365575733038753e+00
8.636044553870506846e+00
9.250940040243129658e+00
8.850824624632011250e+00
1.011018764460204800e+01
9.630434557025452591e+00
8.572261616124730921e+00
8.294602777570439400e+00
1.018004434504279310e+01
9.219067960394250250e+00
9.311008552811777861e+00
9.371739039971334506e+00
8.105579741598134547e+00
9.382265441545602158e+00
9.159904027722527431e+00
9.449604070864442207e+00
9.231087443384668134e+00
8.842472272899639663e+00
8.847567865775738838e+00
8.257308492639554132e+00
8.950052287016276864e+00
8.257554730436259760e+00
9.261687603534294766e+00
9.044465773956885002e+00
9.026472482131325137e+00
9.782125645577023576e+00
8.831581759786111263e+00
9.546595265278694953e+00
9.417078968022520868e+00
9.766463463520643984e+00
9.184679680723219164e+00
8.313661801101067894e+00
8.420689866813198421e+00
7.767110261251599646e+00
9.248596167141348801e+00
8.650762172123359406e+00
8.679305444515831525e+00
8.963218086871254542e+00
9.427943702108173341e+00
8.408400052031460348e+00
9.035177789265764758e+00
8.559905188061831538e+00
8.914101329176443045e+00
9.020245994192769956e+00
8.691200083888411143e+00
9.016639121424374181e+00
8.087598801468597998e+00
7.950087374835524301e+00
9.112305411468810235e+00
9.227353976897163079e+00
8.634112485832476480e+00
8.635569425195852133e+00
1.010423620994460769e+01
9.649281752169089899e+00
8.896966236177400233e+00
9.927663076946549481e+00
8.967306918769407886e+00
8.037877837417715554e+00
8.869484997467669274e+00
9.500184835307537767e+00
1.006215979583534903e+01
9.007245851603348896e+00
9.443859155953042261e+00
9.630768573630017926e+00
9.359500159913499928e+00
8.429849346438327728e+00
9.225236307792046730e+00
9.354186872893842875e+00
8.742067718587483327e+00
9.674634903513855022e+00
9.196134293894170142e+00
8.682250446738313698e+00
8.400584033435453790e+00
9.160847473506130711e+00
8.557862564886912438e+00
9.525861121485002414e+00
8.645820047167870115e+00
8.102703362742518678e+00
9.428125485627443680e+00
8.462559471899002261e+00
8.646279128611718434e+00
9.823863545030427247e+00
8.538661177965220617e+00
9.998184989167395287e+00
8.901676505815670382e+00
1.003350562394160050e+01
9.874704756878269762e+00
9.292191884965310678e+00
9.061482289211802765e+00
9.447084271663515054e+00
9.680269518077322388e+00
9.379488569816585297e+00
9.044714064493794226e+00
9.707218952558459790e+00
7.388184064350285851e+00
9.443020314943087357e+00
9.026497332720918365e+00
8.392800717598333904e+00
1.074930220825231686e+01
9.322348034691462004e+00
8.427484994624990122e+00
9.084303697308589776e+00
8.691536857347978540e+00
8.736250536887807172e+00
9.038393888481788707e+00
8.523958474681851527e+00
9.067336850483719957e+00
9.004259752700791708e+00
8.582350595500965795e+00
9.449329584435270490e+00
8.969171721931825658e+00
8.612758734936253546e+00
8.725592975565724885e+00
8.941199056459028682e+00
8.591553636450855791e+00
9.307720337426660606e+00
9.422299139428204739e+00
8.101667949814610026e+00
8.787000009066050055e+00
8.875271482604267348e+00
9.119826949856253862e+00
9.123465266878925561e+00
8.477661542600708700e+00
7.651789190998551149e+00
8.851922157144846537e+00
8.703757842484263207e+00
8.425815606748980002e+00
9.099612353774656270e+00
9.145555434296362307e+00
8.778129777701185077e+00
9.481867109177544606e+00
9.333792023690897111e+00
8.280274509331043475e+00
8.693149711720922213e+00
8.796965792614626523e+00
8.338971323154623860e+00
8.834165336950258407e+00
9.020103965963430781e+00
9.842156542520630325e+00
8.308739275696597204e+00
9.444542177523013393e+00
8.823875330594267652e+00
9.391828878901025135e+00
9.384549842524705809e+00
8.977551969841352175e+00
8.517466580878439331e+00
8.573337837643107306e+00
9.798907805273513461e+00
9.419581979016312445e+00
9.646082930618044671e+00
9.920338278786633879e+00
8.600539844102570441e+00
9.199628550597664045e+00
8.726083716265847556e+00
9.112235462417753951e+00
9.096630384289630555e+00
9.758384910419827918e+00
9.322238867055867573e+00
8.854435837400119524e+00
8.545502891363469189e+00
8.998319834923693250e+00
8.020018286533556306e+00
9.187630236675406792e+00
9.004722334424307917e+00
9.529799938909278012e+00
9.153305777160619883e+00
9.376063735271340960e+00
1.006243205452887857e+01
9.235945324770408860e+00
8.556840852631662386e+00
9.341796473412529167e+00
8.307691641958177442e+00
9.224589597946716069e+00
8.999535539794143446e+00
8.799842611039482065e+00
8.290973821136983446e+00
9.364411157277741538e+00
7.903974646668434190e+00
8.914024435817623271e+00
8.999384400946672358e+00
8.844683525383858935e+00
8.929753552882569778e+00
8.890296672247050225e+00
9.095560889720996300e+00
9.073595118109938795e+00
8.609176907121039335e+00
8.076636609038933656e+00
8.354982517731835756e+00
8.688051640944337350e+00
8.793989820023330850e+00
8.706315197772021008e+00
8.359387317574746845e+00
9.506089510434907908e+00
8.775621529053843517e+00
9.388190326468038194e+00
9.176268644368535732e+00
8.369811975225168510e+00
9.156913872940062760e+00
8.794544349480528211e+00
1.049510918649917990e+01
8.455210341518144546e+00
9.834651424563872979e+00
7.808048184820622239e+00
9.800160775466235208e+00
9.529561725264631633e+00
9.895924517302052692e+00
7.883112025872085482e+00
9.040030314023050906e+00
9.805260877616264636e+00
9.461577673544374179e+00
9.043704216098786830e+00
9.073713540496060048e+00
9.394020638698290071e+00
8.613166369482470941e+00
8.692109684260245217e+00
8.932343888692303224e+00
8.804818808144991849e+00
9.296542792620400064e+00
9.316983238803079104e+00
9.595699379210556046e+00
8.920890687419076315e+00
9.170853023694185424e+00
8.650299210862579358e+00
8.611242225370835612e+00
1.021535235724000934e+01
9.897808919478082501e+00
8.484349818962234835e+00
9.038705535764268717e+00
8.758556083020195615e+00
9.590744201643202516e+00
8.188761123645916129e+00
8.669863214294412757e+00
8.877851687206705478e+00
8.864200192607130546e+00
8.842123624104946344e+00
1.013389682906966094e+01
8.961571295680354154e+00
9.079119312272061038e+00
8.442340027171738370e+00
9.188555950610224343e+00
9.771912309605017555e+00
9.064540762319134970e+00
8.917922105479229700e+00
8.773961906777943298e+00
8.942812329805615690e+00
9.889348115552454743e+00
9.325503947543003491e+00
8.426288707108358977e+00
9.921819790895925806e+00
9.544674959796221714e+00
9.484728085070607051e+00
9.176746524711404618e+00
8.992158567402343650e+00
9.007794236871774274e+00
8.475608559923191621e+00
8.641955640739563904e+00
8.127325789012058266e+00
9.376536585919238220e+00
8.699958548108543965e+00
8.917832531944204888e+00
9.190610386703021106e+00
8.089175428037954418e+00
8.807004950364252238e+00
9.832928728889283931e+00
9.252998652934007140e+00
8.765923904278519529e+00
9.311617769390608146e+00
9.274610982730488118e+00
9.722154647633111324e+00
8.981012781689486246e+00
8.454735008116843531e+00
8.934856263406132371e+00
8.994459457847849393e+00
9.910762769053505394e+00
8.295717090479865163e+00
8.987832944235602639e+00
8.105761358264610195e+00
9.602395657355826231e+00
8.278409754089828709e+00
8.721448640444490863e+00
8.117149185597000383e+00
9.085046851604687390e+00
8.850348463738304972e+00
9.555040635087857837e+00
9.478445544911318521e+00
8.873628869015046661e+00
8.473661645637740492e+00
9.787997380023810479e+00
8.424943383669340591e+00
8.671108388035651870e+00
8.584935881128865631e+00
8.090825255998927545e+00
9.015780446167676487e+00
8.423090627449255408e+00
9.150572163005888271e+00
9.906117014232616924e+00
9.021990098085590049e+00
9.061452850424519312e+00
9.170148933377754830e+00
8.580700406489263798e+00
7.964486464078032846e+00
8.283730148464961474e+00
9.058667764820325985e+00
8.571066148941005380e+00
8.889096307818730835e+00
8.383025721763210925e+00
8.561452648895032880e+00
9.630054378630484635e+00
9.299761417715115996e+00
9.334711133281921036e+00
9.386565065727648260e+00
9.694235490178765957e+00
7.958974318907973355e+00
9.222992596953252686e+00
9.303013587070303458e+00
8.135610326441883089e+00
9.178795253418721600e+00
9.485658132273538712e+00
8.651520416060263230e+00
8.260428980869043869e+00
8.748304876571982192e+00
8.818797841111996050e+00
9.045805016005363797e+00
9.098994180173558988e+00
9.485710360262576302e+00
8.103493551512773507e+00
8.942964457669903666e+00
8.719491787818354211e+00
8.293983795356533406e+00
9.939159918621431444e+00
8.909116574763123353e+00
9.498600212764250372e+00
9.080223673558537101e+00
8.833958609033164322e+00
9.938757599113781538e+00
9.418325458688141083e+00
9.752857556093468716e+00
9.385006224679253606e+00
8.739283292438781103e+00
9.280273790705072301e+00
8.859080187371677795e+00
9.305637775197034500e+00
9.331440792312296395e+00
9.269113903401416721e+00
9.052261033580155214e+00
8.841684863906298375e+00
1.023660079481525997e+01
9.175360714511755944e+00
9.262033889284722932e+00
9.538219237904678849e+00
8.996097954462904056e+00
9.876674043523605562e+00
9.063410679878863618e+00
9.460151219058998251e+00
9.648352543505811951e+00
9.326758206478244162e+00
8.324240381598555061e+00
9.125163129988342448e+00
9.281522485967482083e+00
9.113290131029179619e+00
9.635234363004430591e+00
8.588656988448430951e+00
9.121620575356056193e+00
9.561992980829238320e+00
9.074616733864985463e+00
9.622556118197911346e+00
8.530888754842234079e+00
8.340364108708794078e+00
8.649662508004633210e+00
8.302391468075420278e+00
8.685439821009378392e+00
9.031343033069768822e+00
9.622691392712924952e+00
9.725963375877029193e+00
8.523378070908909976e+00
9.462296932223313917e+00
9.071896724417483071e+00
9.589795549786405360e+00
8.354064133812363124e+00
8.840232052262123830e+00
8.105709501089302549e+00
9.411134399299108111e+00
9.699213044543142814e+00
8.392085190467208022e+00
8.198268986708139749e+00
8.976370344749756924e+00
8.255588286370171502e+00
8.849636130369082920e+00
9.128163504058493416e+00
9.654247157303428750e+00
8.866374789401994860e+00
9.063747710944165092e+00
8.298251133605134555e+00
8.887528027355747540e+00
8.718858033133388474e+00
9.266510241476492382e+00
9.287218656401018180e+00
8.549266938457757092e+00
9.028463734603471735e+00
8.388648316983502440e+00
8.567087556745125454e+00
8.100122802528579413e+00
9.251949411087677433e+00
8.982629492440286967e+00
9.503409020001127416e+00
9.278238298192984956e+00
8.871851844000426368e+00
9.399571184326138251e+00
8.384302774403481706e+00
9.587752904609667226e+00
8.031150157379085996e+00
8.854904289378261240e+00
8.873204578118926378e+00
9.257579447005003459e+00
8.556724196335872890e+00
8.481078397244450784e+00
8.372868283616549334e+00
9.548661218233345238e+00
8.354941560982249271e+00
8.679148942148717794e+00
8.561961626556731986e+00
9.115551972958044757e+00
8.463027390046349296e+00
9.370026318441246005e+00
8.821686793174185581e+00
8.506398198505710440e+00
9.163827370454241006e+00
9.949987985677779534e+00
9.694729780394714780e+00
9.030931597228907037e+00
9.012064710585484306e+00
9.631112517344289969e+00
9.763029322401060028e+00
8.990905892359933205e+00
9.859369524378040595e+00
9.864342454110463621e+00
9.239426740908053048e+00
8.817533512350745895e+00
9.884765734678849114e+00
9.045578049454480407e+00
8.233176838573346146e+00
9.326733533726583758e+00
9.756189373668487264e+00
8.728249405775866165e+00
9.940075626483887206e+00
8.978235492017462960e+00
